   -0.30990481
   -0.25438267
    0.03937067
   -0.05869645
    0.06735614
   -0.01839870
   -0.10553926
   -0.10371694
   -0.01203800
   -0.09932591
   -0.10229686
    0.03774190
   -0.06579736
    0.07604932
   -0.01369857
   -0.10446181
   -0.09924965
   -0.01670382
   -0.10650623
   -0.10530064
    0.00048574
   -0.00193865
    0.04744800
    0.05974636
    0.04664978
    0.04359620
    0.04430988
    0.04234717
    0.03938378
    0.04477471
    0.04485417
    0.04629458
    0.03902251
    0.03720243
    0.05631636
    0.05789425
    0.04172997
    0.03903957
   -0.00285871
    0.00010911
    0.04755076
    0.06800456
    0.04682168
    0.03866402
    0.04312771
    0.04999524
    0.03883789
    0.04102106
    0.06176861
    0.04836507
    0.04596355
    0.04153283
    0.04306207
    0.04971202
    0.05670999
    0.03747600
    0.15175921
   -0.26406573
   -0.49156160
    0.08753298
    0.00302386
   -0.04254566
   -0.03103447
   -0.03563763
   -0.03356349
   -0.03163348
    0.33250212
    0.05125494
    0.02962690
    0.02475175
    0.02779853
    0.02609472
    0.02556263
    0.04061381
