$grad
  cycle =      1    SCF energy =   -93.65128573073   |dE/dxyz| =  0.000122
    0.00715230300897     -0.39700814497728     -0.72893849731673      Co
    0.29155460379246     -3.67524356131885      0.54035759808650      N 
    2.67679752585141     -4.98263491207070      0.94754554300352      C 
    4.84795720836478     -3.77065891228251     -0.51416335008789      C 
    4.13269273137539     -0.37823431422001     -0.68591055910846      P 
    6.29093897332459      0.81259611370855     -3.22249253494814      C 
    8.86536280808860     -0.49314612601094     -3.25149974715061      C 
    5.02923021095400      0.58639684458267     -5.80317577462493      C 
    5.65409418697946      1.14129058665830      2.12029653453724      C 
    5.18114659731788     -0.34008160576623      4.54527035175691      C 
    4.57354578688872      3.80920784745083      2.34621379662621      C 
   -1.60885391634586     -4.87983333221409      2.12172761148238      C 
   -4.26087932857811     -3.89006929483884      1.55300683055250      C 
   -3.89974666784816     -0.56321857196884      0.61491239062500      P 
   -4.72869973639258      1.23361537044984      3.53833257026613      C 
   -4.96346981965041      4.05117202071374      2.96402057024323      C 
   -2.65601106766253      0.78554872397288      5.49192977087420      C 
   -6.66541915674844      0.05024154921607     -1.48351249024947      C 
   -9.17501208952579     -0.91712079316702     -0.44177186803954      C 
   -6.11844960973788     -1.05509048546962     -4.09122532342538      C 
    3.13946952348358     -5.02146756578171      2.98370442053816      H 
    2.48752203629443     -6.98425767494249      0.37415119642510      H 
    6.68114214135583     -4.18309062426586      0.33708873514498      H 
    4.84111131698202     -4.45895741268531     -2.46421783205385      H 
    6.56303786051077      2.82585767646740     -2.80475939583892      H 
   10.12813695499674      0.50499026521227     -4.53462958874941      H 
    8.69005185726291     -2.43027884742629     -3.91768505709954      H 
    9.73896249046836     -0.51482209034058     -1.39035288006819      H 
    6.21738242043017      1.42609591330573     -7.25942570525293      H 
    4.72344811036699     -1.38902706882075     -6.28587819059165      H 
    3.21260121273099      1.55169214454938     -5.81225572470329      H 
    7.69488883433304      1.25795510045378      1.77649193059129      H 
    5.81683432161559      0.74664096103233      6.17495672411369      H 
    6.19455872629746     -2.12871984989380      4.53693331369497      H 
    3.17067713994947     -0.71685541816143      4.76588083438913      H 
    2.53356148540679      3.71163537228629      2.62215727507156      H 
    5.41158458142758      4.80377767261887      3.94133332165336      H 
    4.92460769088824      4.90669144774130      0.64118553355028      H 
   -1.15838999254721     -4.60612943529089      4.14559880828054      H 
   -1.57212800610630     -6.94545782520799      1.80961970435656      H 
   -5.53542675008060     -4.12840129190884      3.15882432958341      H 
   -5.02094022581513     -4.90178237736827     -0.07741718286868      H 
   -6.52833261965835      0.51276787245162      4.27234058131398      H 
   -6.61896391868631      4.45488428824309      1.81521978898052      H 
   -5.13028404497364      5.12196926005194      4.71437228809681      H 
   -3.29160970557968      4.71086825814465      1.95836092759624      H 
   -2.93508657392914      1.98394959453125      7.14232709203237      H 
   -2.63380800011013     -1.17276952317170      6.11596883755309      H 
   -0.82461680418404      1.23174802476262      4.65580487729682      H 
   -6.75996343790069      2.11148158002641     -1.68336478979108      H 
   -9.15147917515201     -2.96345909190541     -0.25012005321740      H 
   -9.60819523241381     -0.08601064206901      1.38725809731729      H 
  -10.69489425862958     -0.41951668538511     -1.73850574277878      H 
   -4.39223232086571     -0.23074832162088     -4.85380722095372      H 
   -5.87033936166739     -3.09455373951196     -4.00172124158607      H 
   -7.66487580188833     -0.64387130375843     -5.38618794078432      H 
   -0.36554861932416      2.45586679395277     -2.24348192041638      C 
   -0.65024392406859      4.39148468046530     -3.24899665191249      O 
   -1.74995293504943     -5.79401686573571     -3.88416870382239      O 
   -0.56668780632004     -4.48841951294221     -5.85849434913676      C 
    1.77720647545726     -5.76660921390642     -6.87283822662357      C 
    2.91644592954076     -4.85371808019043     -9.05979202402751      C 
    5.10334688402948     -5.95365205009307     -9.97524918175834      C 
    6.17847507338869     -7.98710744262707     -8.72154424143686      C 
    5.03866700363627     -8.92582052837750     -6.56304119543941      C 
    2.84901466333398     -7.82267251090162     -5.64802492700975      C 
   -1.01997935580257     -5.10800202528391     -2.29951718703992      H 
   -0.04563174472806     -2.55669143632366     -5.21127920170246      H 
   -1.94138205965960     -4.28284036047307     -7.39882817706910      H 
    2.07811000809439     -3.26885363742877    -10.04114720254494      H 
    5.97417672253357     -5.22380030501509    -11.67234834254109      H 
    7.88988942307466     -8.84229281895759     -9.43514088768885      H 
    5.85457764077678    -10.52360346264088     -5.58574363541395      H 
    1.93604234048772     -8.56994755137108     -3.98212850670557      H 
  -5.1848551668805E-05  -1.7027508183617E-05  -2.2163912735975E-05
   8.2198694640962E-06  -2.2711667912730E-05  -3.4592427812763E-06
   1.6179383951028E-06   2.9083040945779E-07   2.7348969787062E-06
   1.9724524550750E-06   3.0708196573812E-06  -5.6326321352619E-06
  -1.6587829075588E-06   1.4284832541130E-05  -4.8310326809243E-06
  -8.7703646718060E-07  -9.4361400952603E-06  -1.6044953989536E-06
   3.5041806837109E-06   8.3863162392006E-06  -3.1487040695176E-06
  -8.0622571545453E-06   3.7063025669812E-06   2.1476518670922E-06
  -4.0990917780326E-06  -3.1705820287206E-06  -4.2248922084625E-06
   6.0884002788659E-06  -2.6580571322053E-06  -8.1021341660121E-07
   4.0002345186750E-06  -5.4080002921965E-07   1.6769879700192E-06
   9.6570216946451E-07  -6.7383607560130E-06  -4.0947676641426E-07
  -1.4762238554178E-07   4.6774274074648E-06  -2.1031408288542E-06
  -3.3675866791561E-06   1.1182323718292E-05  -7.9338617572253E-06
   6.4933292440297E-06   5.2888272446609E-07  -3.6731460012094E-07
  -2.7147584849965E-06  -3.9478167866465E-06   1.1819353283320E-06
  -1.4155362288822E-07  -2.5204921822619E-06   4.5706099307289E-06
  -3.0981575433138E-07   3.0085246886229E-06  -3.8989105055916E-06
   1.0051031563916E-06   1.2120613625801E-06  -3.8168806685079E-06
   5.0005125895008E-06   6.1156072400618E-06  -2.1208888833516E-06
   1.0408675281737E-06   3.8989497201543E-06  -4.2748894996425E-07
   1.8843622784661E-06   5.3523849119551E-07   2.4909073915832E-06
   7.0535773652993E-08  -4.8868379491279E-06  -6.5523203171676E-06
  -4.3813480893025E-06   2.4341845536962E-06  -3.4003428624987E-06
  -9.1825075340263E-06   1.6200516699394E-06  -6.6216118474031E-06
   1.5624574243110E-07   9.4544029821653E-06   2.6151556671529E-06
  -9.4426625388110E-07   8.5194165122433E-06  -1.0705555772221E-05
  -2.4841395893460E-06  -3.3294510033166E-06  -2.3198385655850E-06
  -2.3744818935230E-07  -6.3412953566707E-06  -4.5119946521392E-06
  -7.6394553570763E-06  -1.4112400041509E-06   6.2277681539867E-06
  -3.6908289199629E-06   5.5129323339021E-06  -3.6132823952754E-06
   2.4567562957276E-07   1.2830136898308E-06   6.0787067770650E-07
   2.8052496351848E-06  -3.9502832342806E-06  -1.1488152791213E-06
   3.5695782827270E-06  -1.9506308867575E-06  -2.8724267399063E-06
   3.8943787542289E-06  -1.6632891248091E-06  -1.5485489229981E-06
   3.0028727228557E-06  -3.5021684570534E-06   2.7923840523345E-06
   2.3226245420932E-06  -3.1366795588241E-07   7.9345995283764E-07
  -3.5531585367898E-06  -1.2134668007063E-06   7.4754070323846E-07
  -1.7324691966764E-06  -4.7725383704380E-06  -3.5203309427464E-06
   2.1580870205597E-06  -1.0162019070626E-06  -5.4418941308338E-06
  -4.5390167863933E-08  -1.2012518132169E-06  -2.0619706222410E-06
   8.6839933629890E-08  -2.7381112026008E-07  -1.4441074933667E-06
   3.1191844334300E-06  -3.7113618967933E-06   2.3500961011687E-06
  -6.4546638337108E-07  -8.3031452063455E-07   2.9476464393394E-06
  -2.1751479966396E-06  -5.8389502268861E-06   5.0009744985458E-06
  -1.1966017274687E-06  -9.2130561213958E-07   6.6059344960860E-06
   3.3594582795737E-06  -5.5746689792258E-06   1.5806737015409E-06
   4.6109322261713E-06  -4.6890945165976E-06  -2.1298066470312E-06
  -1.6641070610531E-06  -8.7805034020671E-07  -9.3369496773182E-07
   5.6806433361845E-06   2.1219394943077E-06   4.4769948331847E-06
   1.3096510439204E-06   1.9350961855217E-06  -6.6505170692973E-06
   9.2831553874304E-07  -8.3446294519981E-07  -3.7707208871797E-06
   4.0000282869126E-06   3.9837008150149E-06  -3.5299548955132E-06
   3.4459175306244E-06   1.0307409101553E-05  -1.3422641466907E-06
   5.9781645212285E-06   7.0554049450399E-06  -4.7158656526633E-06
   3.5295634172794E-06   8.1267777115860E-06  -9.9414375142433E-07
   5.1166620606521E-05   3.5753538328754E-05   3.4707266897630E-05
  -1.5905979961926E-05  -1.2505700780514E-05  -1.3361013221333E-05
  -8.5917196127175E-06  -5.9479776054133E-06   4.5237922384770E-06
   4.2780782785802E-07  -2.7944188268336E-06   6.6535265770641E-07
  -5.6070259384872E-07  -1.4470449583552E-06  -1.9994026018973E-06
  -2.8288498977570E-06  -5.0628703872503E-06   8.8612615032611E-06
   7.0184455201304E-06  -2.1581408414980E-06   2.5044078866967E-05
  -8.6595499464494E-06   3.6423132984818E-06   1.6693080057615E-05
  -1.0625306307087E-05  -2.8103961053590E-06  -1.1213288721160E-05
   2.0265207724026E-06   7.1137719380841E-07  -4.5320051322373E-06
   1.4192710730187E-06   1.2313482661746E-06  -4.5472906919228E-06
   3.6527800178973E-06   5.6293535751731E-06   1.2743401772884E-05
   2.6426057942828E-06   8.3109534885694E-06   4.5749990010228E-07
   4.4205229231635E-07  -4.0458967793356E-06   2.3842273473728E-06
   1.3517448475410E-07  -6.4925079949962E-06  -4.1259612153774E-06
  -1.6719621463513E-06  -7.2230429611845E-06   5.7058830947125E-06
   4.5791904059872E-07  -5.6317145760010E-07   1.1269291868382E-05
  -3.8126344701527E-06   3.7560591366287E-07   1.1957433583050E-05
$end
