           1           2  0.79745738582599224     
           2           3   1.0124176963508447     
           3           4  0.99181795259581640     
           1           5  0.78375711190616759     
           4           5   1.0133243180316345     
           5           6  0.96487899437015934     
           6           7  0.99853647189650097     
           6           8   1.0035586313213352     
           5           9  0.96480777220113978     
           9          10   1.0028732059882230     
           9          11  0.99944679343911313     
           2          12   1.0130414538963433     
          12          13  0.99135279227734885     
           1          14  0.77851809751780587     
          13          14   1.0101444623923881     
          14          15  0.96532646888606732     
          15          16   1.0016043171093358     
          15          17   1.0000902519918053     
          14          18  0.96872270590027143     
          18          19  0.99845852180173889     
          18          20   1.0000650419313000     
           3          21  0.96073351469486190     
           3          22  0.95790013918376160     
           4          23  0.94574953378153803     
           4          24  0.93665496754738764     
           6          25  0.94013214305392545     
           7          26  0.98138077347854780     
           7          27  0.98228903179470151     
           7          28  0.97648858186860243     
           8          29  0.98252679381138863     
           8          30  0.97339125711213670     
           8          31  0.97340455637250589     
           9          32  0.93681839267754274     
          10          33  0.98153680045158609     
          10          34  0.98087560894036796     
          10          35  0.97098534294916927     
          11          36  0.96627603894921332     
          11          37  0.98215731313292953     
          11          38  0.97573465547863003     
          12          39  0.95876802543888728     
          12          40  0.96075527636788427     
          13          41  0.94724654818796372     
          13          42  0.94024992196780732     
          15          43  0.93744279603656866     
          16          44  0.98026773957816138     
          16          45  0.98111333294828418     
          16          46  0.97557172358958222     
          17          47  0.98166044502948746     
          17          48  0.97701304289504509     
          17          49  0.95868277961680404     
          18          50  0.93886740135330582     
          19          51  0.98113911694214206     
          19          52  0.97936044304906278     
          19          53  0.98092306832244547     
          20          54  0.96922003099858334     
          20          55  0.97506377528212396     
          20          56  0.98232928980434753     
           1          57   1.3471791017671271     
           1          58  0.28975634586277338     
          57          58   2.0561799311961000     
          59          60   1.0162416929492091     
          60          61  0.99599641928028126     
          61          62   1.3988514825754719     
          62          63   1.4534243653326446     
          61          64  0.10914623589883586     
          63          64   1.4298234753297676     
          62          65  0.11156604846012783     
          64          65   1.4449511841240430     
          61          66   1.4177129970790903     
          63          66  0.10850776109917708     
          65          66   1.4359084952571317     
          59          67  0.79319561759795065     
          60          68  0.90737854786624272     
          60          69  0.96018225140284574     
          62          70  0.96961646064733931     
          63          71  0.97123518751450844     
          64          72  0.97174201737955501     
          65          73  0.97135151233501738     
          66          74  0.96459059675287784     
