   -0.38520720
   -0.10524724
    0.03880739
   -0.07257972
   -0.05192484
    0.03375384
   -0.01923522
   -0.02491525
   -0.02453335
   -0.02905809
   -0.02632886
    0.02665286
   -0.02172702
   -0.02624206
   -0.02670385
   -0.02816919
   -0.02474121
    0.02147665
   -0.04652535
   -0.04653754
    0.02825903
   -0.02571078
   -0.02710469
   -0.02362953
   -0.02474978
   -0.01780976
    0.02228995
   -0.01681755
   -0.02409958
   -0.02543580
   -0.02869958
   -0.03023159
    0.04115133
   -0.17767509
    0.04287849
    0.01684567
    0.07156448
    0.04125129
    0.04127772
    0.03914903
    0.03532108
    0.04080337
    0.03856544
    0.03823507
    0.03399126
    0.02583897
    0.02892420
    0.06019006
    0.06613796
    0.08116485
    0.03912547
    0.04322682
    0.04479835
    0.04573260
    0.07561958
    0.04895696
    0.03972215
    0.04059160
    0.03848702
    0.03327269
    0.15033424
   -0.27484943
   -0.08068151
   -0.46577515
    0.08645198
   -0.00152324
   -0.04058975
   -0.02892508
   -0.03259489
   -0.02903830
   -0.02872291
    0.24701892
    0.04344314
    0.31320100
    0.02221768
    0.03206158
    0.03257618
    0.03393916
    0.03903291
