$grad
  cycle =      1    SCF energy =  -115.34156505399   |dE/dxyz| =  0.000520
   -0.63271187447185     -1.21285314295743     -0.86626171926302      Ru
   -0.32298390337542     -5.27926024429339      0.52005898543258      N 
    1.96989913453008     -5.94921330018047      1.48999230057538      C 
    4.00524365281317     -4.42334604775291      1.33622491511743      C 
    3.61818068329402     -1.30331626034209      0.00925838563089      P 
    5.15423483389968      0.77337206717136      2.29097687765879      C 
    3.88213255240671      2.91966979989451      3.10777306483686      C 
    5.03713114703449      4.56790645668211      4.77617086759510      C 
    7.44923563658314      4.05970869828449      5.65499583076106      C 
    8.71955099019468      1.91410718270005      4.85065648165308      C 
    7.58730852447271      0.27819886802994      3.15740455083264      C 
    5.95405058821088     -1.19709462088378     -2.52842903651950      C 
    6.83037798401993      1.14586205030494     -3.34359289911086      C 
    8.48455541215209      1.29775789368795     -5.35834122915946      C 
    9.26515838939284     -0.88428987425133     -6.58229920827103      C 
    8.37646242308733     -3.21743887784148     -5.79646514860613      C 
    6.71697683084657     -3.37550292727061     -3.78182620296670      C 
   -2.54898958507136     -6.85995532028234      0.63210460657536      C 
   -4.88989995431001     -5.21672907347381      1.11679127911025      C 
   -4.80381772511774     -2.33604227449194     -0.91044598512365      P 
   -7.39935909784977     -0.52616000493326      0.43776141092326      C 
   -9.86874036830584     -1.43425959060297      0.39236559014712      C 
  -11.78981764914149     -0.01300496587137      1.44844612918527      C 
  -11.26103458967965      2.31174470468107      2.53771588759510      C 
   -8.80776379997797      3.22612990962301      2.56455579310740      C 
   -6.87499895924057      1.81236008816148      1.51144392368207      C 
   -6.22387448043313     -3.27753494968007     -3.91109604057778      C 
   -6.42913286966519     -1.31457395455786     -5.65724104495184      C 
   -7.43604263881582     -1.74721636804171     -8.02441585265352      C 
   -8.23185769833513     -4.15822231444616     -8.67953280923783      C 
   -8.01431599176008     -6.11902445108875     -6.96211979356667      C 
   -7.01369205619312     -5.68951234913317     -4.58033534583482      C 
    2.05734106273389     -7.76520185230892      2.44169185716891      H 
   -1.06037582444525     -0.50945084770413      1.99002534271109      H 
    5.81757005107369     -5.00093428470654      2.08253805508887      H 
    3.62610234357701     -3.38634273724604      6.58818774093951      H 
    1.99194741804824      3.26688211925794      2.39971691760187      H 
    4.05359906602622      6.24521071803271      5.39512724305978      H 
    8.34955680952017      5.34196995975422      6.96307650178053      H 
   10.60552021742786      1.52644615076916      5.53189268017507      H 
    8.59607996196315     -1.36934545715762      2.48488681720816      H 
    6.18815243996540      2.83625438063566     -2.38460352992430      H 
    9.16397939667727      3.11853260431553     -5.98478990806640      H 
   10.55761302841402     -0.76482125937028     -8.15792835678427      H 
    8.97242244081992     -4.91736843483659     -6.75989377441537      H 
    6.00842528714629     -5.19853935130722     -3.17192669683279      H 
   -2.77784561358106     -7.92204935749045     -1.14959096548770      H 
   -2.32608589926057     -8.21704101788902      2.17960694027068      H 
   -6.64041291139180     -6.28472918393377      0.86998398421615      H 
   -4.82536793369036     -4.51057372904731      3.06469119801237      H 
  -10.28111554834390     -3.23591660532695     -0.48288394279615      H 
  -13.70718649385254     -0.71428700764341      1.41777589553914      H 
  -12.77093826419021      3.41459173646343      3.35703724747193      H 
   -8.40172802880614      5.04407967774458      3.39995746686708      H 
   -4.94000573109232      2.48483496093696      1.49311825104762      H 
   -5.75929205556308      0.54713414000741     -5.11538548020224      H 
   -7.59223633440852     -0.21598432550452     -9.36546159679031      H 
   -9.01222660512082     -4.50820458996241    -10.53266743590920      H 
   -8.62462599397032     -7.99938399869426     -7.47546658947075      H 
   -6.86063061447618     -7.24936986168100     -3.26891552861702      H 
   -0.13872517258524     -1.70524323309853     -4.27783228604364      C 
    0.18101218504780     -2.04197344033906     -6.41913217492957      O 
   -0.90347131802141      1.66645163624369     -1.40427304960804      H 
   -0.23077350633195     -3.89936190838770      6.34844168341992      O 
    1.89736928149045     -3.11044742036391      7.72297084164436      C 
    1.83639258917159     -0.40244635056221      8.62412583802568      C 
    3.91013088817638      0.53835573851027      9.93549374400418      C 
    3.92180512417271      2.99772785383422     10.81165126074420      C 
    1.86414534316606      4.55682706000727     10.37156325149604      C 
   -0.20029533914236      3.63556203034468      9.05994122762350      C 
   -0.21992753492802      1.16442693314225      8.19726727779942      C 
   -0.16433950287538     -4.32483679670835     -1.24731256769964      H 
    2.00502911155144     -4.37668204226709      9.35967953502771      H 
   -0.39848716976573     -2.77337566620285      4.90800543028309      H 
    5.51902252424260     -0.67657326505891     10.26930393658334      H 
    5.53877948013413      3.70127278760603     11.84091917145585      H 
    1.87291013255133      6.48116313982221     11.05420201484772      H 
   -1.81251372901982      4.83793791144912      8.70759189934278      H 
   -1.85779589476658      0.45752349760419      7.20375060487032      H 
  -7.6005188770894E-05   5.6474049166383E-05  -4.3790794531148E-05
   1.4699750566933E-04  -1.1433966082064E-04  -1.2764782096229E-04
  -8.6637945479810E-06   3.3903721891763E-05   2.2581415755209E-05
  -1.3574056932394E-05  -1.6490779927642E-05  -9.2779243764958E-06
   2.7786598996756E-05  -2.2597462978617E-05  -6.3120863448513E-05
   1.4294668142690E-05  -7.7898563018205E-06   3.3407411397262E-06
  -3.0203343480482E-06   6.3501308514974E-06  -2.0825439428818E-05
   2.9150696729856E-05   1.9169584775000E-05  -1.5914228806751E-05
   7.0210921404223E-06  -1.6758238381128E-06  -1.5988422947830E-05
  -9.7488942660049E-06  -1.0000386266802E-05   3.2934447232399E-05
  -1.1652445050293E-05  -1.7199972877648E-05   2.5545922031361E-05
  -1.1835877183782E-05  -1.0036565319922E-05   4.7343021148821E-05
   3.9772841916008E-05   4.1791297530298E-05  -4.2917332924796E-05
  -3.3805821569889E-05   3.3804957180708E-05   2.0878251757452E-05
  -9.3957901959058E-06  -5.7829394935841E-06   2.8460121433255E-06
  -1.1286656542354E-05   1.1317442051257E-06   9.5379017477706E-07
   9.5360208731601E-06  -1.8087404132203E-05  -1.0920860477803E-05
   1.5749576086905E-05   3.9440416744199E-05   3.4773711125770E-06
   2.2099096329827E-06  -1.7793912802825E-05   2.7285255036717E-05
   9.7738621884683E-05   1.5176054065505E-06  -6.1949903527365E-05
  -4.5262401032160E-05  -3.4488629546728E-05   2.1512631564275E-06
   7.9202547522271E-05  -1.6435905065129E-05   1.6502948599526E-05
   8.7441985140045E-07   2.3739603818089E-05   3.6191873342833E-05
  -4.6722088109807E-05  -8.1467609328136E-06  -1.6338123683367E-05
   3.2147349453463E-05  -7.3114615406804E-06  -4.2099239810468E-05
  -2.2710961564372E-05   3.6121415923286E-05   5.7786060253965E-06
  -1.9899515186019E-05   3.2980187521278E-05   1.6580755420537E-05
   7.8125272332209E-06   8.2193409365638E-06   2.8443372555335E-05
   9.8126459768947E-06   9.2361894219802E-06  -1.1292831382130E-05
   3.2663244412873E-05  -5.1963233952715E-05  -5.4620398675706E-05
  -1.8913246306251E-06  -1.1236290274841E-05  -2.5669574266239E-05
  -3.7412981726757E-05   1.4513510313579E-05   3.5971330993770E-05
  -1.8101396099313E-05  -6.7436004095078E-06   5.2003058036402E-06
   1.4718953254735E-05   6.2781994667139E-06   8.1773712916608E-06
   1.2823444614495E-06   6.8900221768489E-07   1.0193296942108E-05
   1.1688598329703E-05   2.1989249852173E-05  -7.3913368741747E-07
  -1.8282168059041E-05  -4.5421866870629E-06  -6.0733507822743E-06
  -2.0472343633484E-05   4.4227658961547E-06   8.2223433667875E-06
  -4.1607097470796E-06   1.6963450644575E-05  -1.1125195917491E-05
   4.3649931088652E-06   1.1533268708196E-05  -5.7214371888447E-06
  -1.8010166539863E-06   2.6795666816606E-07   1.2723132172366E-05
  -3.5808854917334E-05  -1.7908881840300E-05   2.5671088622632E-05
   5.0663884147700E-06  -1.0510993167856E-05  -1.1199137846266E-05
  -1.5256952561369E-06   4.9516750025457E-08  -7.5242722828288E-09
   7.4543666226392E-06   3.0257277469092E-06  -1.2384947708765E-05
  -1.0724090767839E-05   1.4070756491738E-05   2.0254157513964E-05
  -8.6160237943409E-06  -6.9118896237750E-06  -1.4826474013200E-05
  -5.8043232711986E-06  -2.3092740504578E-05   3.5790754248181E-06
   7.4188971491117E-06   6.2802590504403E-06  -8.8881722800410E-06
   1.1984890898983E-05  -2.0719318478858E-05  -5.8701993522588E-06
  -3.7566899350811E-05  -1.8353687727645E-05  -1.6703239386447E-05
  -2.1531331930278E-05  -1.6230352631062E-06  -4.4707753549800E-06
  -1.0814780063297E-05  -5.2625215833798E-07   1.5035972234400E-05
   1.4642816867885E-05   4.7048256422330E-05   3.6486192142589E-05
   3.3547323080321E-05   4.9968966928229E-07   8.6048246008926E-06
   1.4048370636088E-05   1.9558802691862E-05  -3.1998718968652E-06
  -1.3197202899207E-05   2.1698892650758E-05   2.9066082592257E-06
  -2.3168617544636E-05   1.6059859409952E-05   3.6664886394342E-05
  -8.5713890387930E-06  -2.4503277356429E-06   1.3600597844785E-05
   1.3743158733148E-05  -1.0981753536142E-05  -4.1617812832845E-06
   4.3073243829129E-05  -6.4408386615296E-05   3.6686818983989E-05
  -9.9709491230374E-06   5.3439607747528E-06  -7.2695797515430E-05
  -6.4569556464354E-06   4.1236591085968E-05   3.8344890479917E-06
   7.5374964037204E-05   5.6148301630478E-05   3.6852932627667E-05
  -9.8960598154347E-05  -6.3171166964796E-05  -6.7008933766262E-05
   6.3982300317797E-05   5.4100414129411E-06   2.8217209605167E-05
  -2.8676952172562E-05  -5.9820173039726E-05  -3.8178931242029E-05
  -2.5484169251780E-07   6.8067266336173E-05   1.4991403665925E-05
   7.2870907805063E-05   2.2243864768074E-06   3.6928814042528E-05
  -7.9015520079646E-05  -6.3304808742601E-05  -3.7735973721861E-05
  -3.7885047674815E-05   7.6088158421917E-05   2.6517496383995E-05
  -9.5365553196900E-05  -1.5797915418045E-05   1.2709521474692E-04
   7.6310725133970E-06  -2.3609189389740E-05   1.4114862119759E-05
  -1.8537087474030E-05  -1.6365512845160E-05  -1.9580826130223E-05
  -2.5159954754586E-07   7.4058466869261E-06   4.3865385086624E-05
   5.0219662929451E-06  -1.3529646904254E-05   2.3054154095045E-05
   1.3118553190830E-05   4.3876840853388E-06  -1.4173550465884E-05
   9.5149628930328E-06   2.0753499740229E-05  -3.9928311512758E-06
  -4.9092595139774E-06  -2.0146633549151E-05  -7.1731664333322E-06
$end
