           1           2  0.32893290814807080     
           2           3   1.1795199633045743     
           2           4  0.13767122619071331     
           3           4   1.6706151797767188     
           1           5  0.99553920614662961     
           4           5   1.0514757050425638     
           5           6  0.97386209760100029     
           6           7   1.3898116300048875     
           7           8   1.4404934666473865     
           6           9  0.10494787498849775     
           8           9   1.4406589227064792     
           7          10  0.10703453159921934     
           9          10   1.4300807309095871     
           6          11   1.3791073230693183     
           8          11  0.11052360747084695     
          10          11   1.4519641811300168     
           5          12  0.97338527713773371     
          12          13   1.3775394898550635     
          13          14   1.4550903533741104     
          12          15  0.10477266186912110     
          14          15   1.4294947637257307     
          13          16  0.10943117675571472     
          15          16   1.4392846955770362     
          12          17   1.3904218536705437     
          14          17  0.10694487468122572     
          16          17   1.4426498047307859     
           2          18  0.99388021795498771     
          18          19  0.98415538052618556     
           1          20   1.0139805669734607     
          19          20  0.98226230263018421     
          20          21  0.98844906756704487     
          21          22   1.3761602607550028     
          22          23   1.4535901709490449     
          21          24  0.10453910111248596     
          23          24   1.4290111614145002     
          22          25  0.11054523667065480     
          24          25   1.4422191111136180     
          21          26   1.3889233235317620     
          23          26  0.10738260501582673     
          25          26   1.4399070827831737     
          20          27  0.98143569935214048     
          27          28   1.3716588777264811     
          28          29   1.4598078857960368     
          27          30  0.10504593328281310     
          29          30   1.4248604714005835     
          28          31  0.11032744958924821     
          30          31   1.4446697369707351     
          27          32   1.3961779916891854     
          29          32  0.10629804680618801     
          31          32   1.4355149678228516     
           3          33  0.94821367584548999     
           1          34  0.76009597781722993     
           4          35  0.93463819408889781     
           7          37  0.93710166876062972     
           8          38  0.96850300409521950     
           9          39  0.97033594566382930     
          10          40  0.96905013447144706     
          11          41  0.96012707770430661     
          13          42  0.95569582261460351     
          14          43  0.96929104365377183     
          15          44  0.97091481442120353     
          16          45  0.96967397795241106     
          17          46  0.95814485040204633     
          18          47  0.95961350072001039     
          18          48  0.96428725302697771     
          19          49  0.93792736277832167     
          19          50  0.93327974687161586     
          22          51  0.95982709651137965     
          23          52  0.96870993670337902     
          24          53  0.97030333860522056     
          25          54  0.96870391145495582     
          26          55  0.93664414810525098     
          28          56  0.94513918944554765     
          29          57  0.96915552407683792     
          30          58  0.97065683873554554     
          31          59  0.96950100223540248     
          32          60  0.96001425308158483     
           1          61   1.3511696879633062     
           1          62  0.32096920167668658     
          61          62   2.0244477046635305     
           1          63  0.89955189928442414     
          36          65  0.95303065599526371     
          64          65   1.0060652149402536     
          65          66  0.99554279281680580     
          66          67   1.4023922948147740     
          67          68   1.4563289781846669     
          66          69  0.10931177100252348     
          68          69   1.4277523011518893     
          67          70  0.11313118631061302     
          69          70   1.4480909183681894     
          66          71   1.4249340957312711     
          68          71  0.10921226852669359     
          70          71   1.4328070837013016     
           1          72  0.17471229060338836     
           2          72  0.70497271448693921     
          65          73  0.96038481930685249     
          64          74  0.85170635179005749     
          67          75  0.97025800580952370     
          68          76  0.97083750115816703     
          69          77  0.97127140424672598     
          70          78  0.97103437543889826     
          71          79  0.96460438982123697     
