   -0.31687324
   -0.22298353
    0.04287101
   -0.05335168
    0.02971132
    0.01929345
   -0.01702800
   -0.02749332
   -0.02681957
   -0.02843537
   -0.02536537
    0.00760096
   -0.02395509
   -0.02720948
   -0.02636477
   -0.02655881
   -0.02609530
    0.04387046
   -0.04583165
    0.03986749
    0.00831252
   -0.02775039
   -0.02800978
   -0.02698365
   -0.02598511
   -0.02086730
    0.01556803
   -0.02518259
   -0.02751847
   -0.02709661
   -0.02891907
   -0.02739208
   -0.00048287
   -0.00180282
    0.07521476
    0.04727494
    0.07289056
    0.03482850
    0.03474789
    0.03473918
    0.03618960
    0.03592540
    0.03512737
    0.03588019
    0.03556357
    0.04865463
   -0.00156346
   -0.00026365
    0.04567083
    0.06096027
    0.03937281
    0.03607109
    0.03614696
    0.03579009
    0.03639130
    0.08032272
    0.03625122
    0.03415923
    0.03374301
    0.03481910
    0.15037348
   -0.25999733
   -0.45047920
    0.07978400
   -0.00073162
   -0.03185753
   -0.02716407
   -0.03050776
   -0.02972618
   -0.03565527
    0.32989348
    0.04360020
    0.01973195
    0.03729932
    0.02982923
    0.03105210
    0.03278285
    0.03212494
