$grad
  cycle =      1    SCF energy =  -115.20696385099   |dE/dxyz| =  0.000325
   -0.04418477206463     -0.80741994807945     -0.22847603910187      Co
    0.60431255788315     -4.05239843621977      0.88437443863095      N 
    2.81547641937538     -5.55814690695430      0.30884998652235      C 
    4.45927085203065     -4.27836944770218     -1.68289767257839      C 
    3.97187336870722     -0.90596210155187     -1.07124918120494      P 
    5.79695636116890     -0.44884159800398      1.80966798784819      C 
    4.48952478681985      0.10292086722892      4.01819906266853      C 
    5.77449393193422      0.36832971068839      6.27914501460559      C 
    8.37697714223891      0.08239023096071      6.33687860350230      C 
    9.69100864924190     -0.46136577134382      4.13530105396398      C 
    8.41078751251710     -0.72625707959870      1.87206651811328      C 
    5.92631895826495      0.74144863496431     -3.37411782795586      C 
    6.73879095882272      3.17371180821189     -2.77672627771547      C 
    8.20559627624809      4.52648553424309     -4.45990688920347      C 
    8.85666686725797      3.47258076314157     -6.76789522187989      C 
    8.00879671775552      1.07799482951716     -7.39537576214160      C 
    6.53633961988696     -0.28175207984718     -5.71664680719459      C 
   -1.06153592823690     -5.49525631980936      2.50754333920905      C 
   -3.22601861668055     -3.85074647427522      3.47083434163928      C 
   -3.87560029010253     -1.82563898937718      0.74075994859262      P 
   -6.34057280784101      0.37673879248691      1.68816577556914      C 
   -7.12450974008854      0.74450171137934      4.16752870285089      C 
   -8.95840215684720      2.53168784135502      4.70907761817580      C 
  -10.00774642968792      3.97065623420718      2.79175199244712      C 
   -9.21909353097475      3.62756910184816      0.31598192014503      C 
   -7.39119607390184      1.84648527004291     -0.22907322751348      C 
   -5.65461166781196     -3.99165500429783     -1.26637225832989      C 
   -4.42196139314791     -5.20526229833153     -3.24173827880964      C 
   -5.70102941229741     -6.95083256300792     -4.71090505808341      C 
   -8.21341441485119     -7.49143463757567     -4.21377319222501      C 
   -9.44701006125515     -6.28794189522954     -2.23957302152203      C 
   -8.17688827057310     -4.54451818239837     -0.76415740617120      C 
    2.24702205890064     -7.45906562313977     -0.35258610921428      H 
    3.94713818117503     -5.84951487192794      2.04858070067945      H 
    3.73678519447867     -4.69847247691950     -3.56924121896424      H 
    6.44575011210710     -4.82874906573069     -1.55040482385789      H 
    2.44518172844739      0.30748694298938      3.91651914585703      H 
    4.75480403370792      0.79813236429175      7.99604433058663      H 
    9.38724256975671      0.28516585104269      8.09999202217421      H 
   11.72112007808437     -0.68010539886384      4.18837009821108      H 
    9.43247118225175     -1.13648734117494      0.14809299405242      H 
    6.21656670907745      3.98403222080192     -0.97163945616135      H 
    8.84475867010453      6.40466649193082     -3.97521003340969      H 
   10.01202194262177      4.52379649557608     -8.08197189822074      H 
    8.49179002854850      0.26694446555748     -9.20575721094939      H 
    5.85703910840905     -2.13482271960569     -6.23414041245080      H 
   -1.86195862413999     -7.13010551369745      1.46822434297072      H 
    0.01228648417663     -6.28540991144196      4.11843857068427      H 
   -4.86304462919400     -4.95729614692558      4.07449807159584      H 
   -2.56864236648781     -2.65146709747732      5.02094145716589      H 
   -6.31474388148394     -0.36480407320607      5.67892480885093      H 
   -9.56866466111926      2.80438787827418      6.63921446575125      H 
  -11.43412553417618      5.36543410725653      3.22515971660537      H 
  -10.02756030815045      4.75578397025468     -1.18179785588638      H 
   -6.75268796152994      1.56486176824266     -2.15392820783035      H 
   -2.45854590348421     -4.77117749855961     -3.61488790524239      H 
   -4.73472652224983     -7.88711613747084     -6.24719743969977      H 
   -9.21525658074572     -8.85121706693097     -5.36165421682289      H 
  -11.40614595014982     -6.71371418969814     -1.84876521118136      H 
   -9.14199062133853     -3.60509928031853      0.77452882453975      H 
   -0.65697484967780      2.35259705572657     -0.71087032610405      C 
   -1.16168874646208      4.49329127466861     -0.77278809255682      O 
    0.49208737136428     -2.44227868243981     -6.03442840339327      O 
   -0.54071290330730     -1.07338168958655     -8.07464705688013      C 
    1.04537699861486      1.17715303309017     -8.82502235650737      C 
    1.26118263170520      3.22583060828027     -7.19677353736133      C 
    2.71989477805825      5.29358027639905     -7.84529934196938      C 
    3.97854676595317      5.34100270433125    -10.13866640631360      C 
    3.78036850939846      3.30606144658739    -11.76982181591270      C 
    2.32759052698348      1.23191538491696    -11.11239592348058      C 
    0.40898449540709     -1.40412058905226     -4.50229024631053      H 
   -0.65384689958883     -2.41781375601981     -9.64140860399189      H 
   -2.46898127290112     -0.44523532282258     -7.60862904189736      H 
    0.26878887617886      3.20477893115121     -5.41277722219305      H 
    2.86659562812238      6.87086423986823     -6.55774698876469      H 
    5.10949171899152      6.96118439958250    -10.65235655931400      H 
    4.76059104255828      3.33296880725494    -13.56134786824862      H 
    2.18046541864742     -0.35450943592618    -12.39135822502810      H 
  -1.2169734859428E-04  -3.5359960759460E-05  -3.3172904666248E-05
   1.0898071505858E-05   1.0706046548361E-05  -4.4837974744167E-05
   1.4994350795966E-05  -6.1997033098885E-06   6.6376982611108E-06
  -7.9090871581854E-06   2.0192549431244E-07   1.1712836626510E-06
  -1.0787317974020E-05   2.1074184190233E-05   1.5524558530846E-05
   1.5092388878057E-06  -1.2127422117839E-07  -2.7897494522671E-07
   8.0689465710582E-08   8.6154880870472E-06  -5.2019112350418E-06
   4.7076750700132E-06   1.6387227619847E-05  -1.9684189338645E-06
  -4.2546503696767E-06   7.7920346675075E-06  -2.3948700868681E-06
  -4.0577562982885E-06  -2.6164829832553E-05   6.8001571167066E-06
  -4.8587432731283E-06  -1.9430584159668E-05   1.3939872304038E-06
   1.0859222713405E-06  -8.4848968262028E-06  -1.3634306784160E-05
   1.2540637258151E-05   8.0958357970132E-06  -1.3619325443828E-05
   2.7274562633975E-07  -5.2734228053741E-06   4.6912766852031E-06
  -6.1003030250579E-07  -7.2616289444868E-06  -2.6182319689619E-06
   7.4182376657020E-06  -3.4216734390877E-06   5.4167486952371E-07
  -5.5611814031347E-06  -2.3047514284498E-06   4.7313278294210E-06
   1.2439520862784E-05   2.6047013863775E-05  -3.8506053294399E-06
  -5.0312532165437E-06   5.7201093247518E-06   1.5259674373900E-05
  -1.0022918934999E-05  -6.7235267079634E-05   2.5729321639511E-05
   1.8358961541371E-06   1.6325752379982E-05  -5.5267818733757E-06
  -2.7562736099175E-06   5.9619095120733E-06  -2.4166496759413E-06
  -1.7497151504424E-05  -2.6262039975883E-05  -7.1887398900623E-06
  -1.7423483434394E-05  -8.0561411114999E-06  -1.1229921305645E-05
   3.1785390210958E-06   1.5414909900399E-05   1.4672401193261E-06
   1.2252891560104E-05   5.1794987803035E-06   2.9431210143726E-06
   3.7643463751254E-06   4.0805502884530E-06   1.9572117191312E-06
   5.6408768091535E-06  -2.3675418721923E-05  -3.5610841122071E-06
   1.0833773756535E-05  -6.3709754296021E-06   9.0273287916209E-06
   4.8314020419889E-06  -8.6606444483150E-06   1.3726113412123E-06
   6.9489288177386E-06  -5.9832917771856E-06   5.4210973475686E-06
  -1.7026852982968E-06   9.4380637020120E-07  -3.4862355838045E-06
  -5.1879886126696E-06   1.6587656035890E-06  -6.5477409481913E-07
  -2.6380910987187E-06  -6.9934469067120E-06   5.5538083890945E-06
   4.8865090738498E-06  -2.9509383577604E-06  -3.6623826547734E-06
  -5.0256366399009E-06   3.9133336332683E-07   4.2951572640394E-06
   2.2026612284803E-06   1.1579958209510E-05  -5.8479574885120E-06
  -3.4178517432321E-06   4.8912381063813E-06  -3.9222397845017E-06
  -3.5278039479165E-06  -1.0921074154907E-05   2.2223999214063E-06
  -2.3418378763695E-06  -1.0473622394698E-05   2.5493314068658E-06
   2.0901016656976E-06  -7.0898388718690E-06   3.7609345353821E-06
   9.1290190339129E-06  -1.4995301831407E-05   1.5531158142619E-06
   8.8690581924207E-06  -9.5090595743234E-06  -1.3942861816780E-06
  -1.8345253677970E-06  -5.1071992444281E-06  -6.4457163243172E-06
  -6.5281966914379E-06   1.6028879358584E-06  -6.4901734950481E-06
  -2.7994295338351E-06  -3.4708428214145E-06  -6.4343412058424E-06
   4.6844259160802E-06   1.0605463781924E-07   1.4077311522065E-05
   2.9587339651692E-06   1.3753639543834E-05   1.2878155798564E-05
  -1.2288035333237E-06   8.0571782180016E-06   1.1514634562827E-05
   9.5862189642942E-06   1.6491491490790E-05   2.7146838721834E-06
  -3.4019490296803E-06   5.2690781721223E-06   5.2755910629208E-07
   8.9505739891267E-06   1.9693213177029E-05  -7.9890355190472E-07
   1.2430442187278E-05   1.0647826065593E-05  -4.2020303796490E-06
  -7.2127182217752E-06  -7.3377587485030E-06  -5.8516588072415E-06
  -1.4091643438807E-05  -1.3702004502935E-05  -9.3330418699535E-06
   1.5320379569467E-06   1.1486086214239E-05   4.5126539321938E-06
   3.7671279872715E-06   6.3584390811549E-06  -4.6301135486207E-06
   5.9307415769085E-06  -3.5494130748124E-06  -2.9458228760465E-07
   5.1582471573912E-06  -2.1135370383968E-05   9.5468264824553E-06
   9.1053175596559E-07  -1.8923112345264E-05   1.2310991597947E-05
   2.1666273955462E-04   1.3285462964792E-05   1.1460833971770E-05
  -8.2955014710185E-05   2.7774688564589E-06  -3.3840768151474E-05
  -5.6716980919078E-05   4.3827909058640E-06  -5.1710118796174E-05
   2.7152760088538E-05  -5.2567386356100E-06   3.2101862356828E-05
  -5.6629841148014E-06   6.7631302070532E-06  -4.7745174378450E-07
   3.1904086944308E-06   8.1365437568537E-06   6.3171250922539E-06
  -1.6450561000016E-05   8.0555447348509E-06   7.9469889790093E-06
   5.5551655212871E-06   2.6781301027492E-06   2.8624413631607E-06
   1.3066467905164E-06  -3.7545076047547E-06   9.8820412932540E-06
  -1.3416743946018E-05   1.5255538566846E-05  -6.3175361701474E-06
   2.0113798764099E-05   2.5590827568821E-05   2.3113577678485E-05
  -6.6166594080221E-06   1.6396307286203E-05   1.2327411918841E-05
  -1.9094089501963E-05   1.0508832924416E-05  -1.0518769587311E-05
   1.2601575191119E-06  -1.8655222888669E-06  -7.0440290783064E-07
   1.1012850458789E-05   2.7665879739983E-08   6.9140031468992E-06
   1.7008977481847E-06   4.6938661029783E-06   6.4156002939596E-06
  -4.7325689393309E-06   1.5216775517771E-05   3.0392802619368E-06
  -7.2236400889181E-06   8.9998879939076E-06   3.4498845160059E-06
$end
