           1           2  0.78783575375750414     
           2           3   1.0148171126019763     
           3           4  0.98780805624086487     
           1           5  0.75850596342249577     
           2           5  0.10085817378437364     
           4           5   1.0079675468141134     
           5           6  0.98708538480399000     
           6           7   1.3965958349334684     
           7           8   1.4424955037849636     
           6           9  0.10635015117049247     
           8           9   1.4395518750811973     
           7          10  0.10779100365177798     
           9          10   1.4313924263729436     
           6          11   1.3848247503158753     
           8          11  0.11044534479259349     
          10          11   1.4515556418144302     
           5          12  0.99404130771176691     
          12          13   1.3800747578367771     
          13          14   1.4547837252029594     
          12          15  0.10395796281902513     
          14          15   1.4290735255080276     
          13          16  0.10843851258692858     
          15          16   1.4375317664773803     
          12          17   1.3892514086647823     
          14          17  0.10657149715136938     
          16          17   1.4444363049183966     
           2          18   1.0152234099490574     
          18          19  0.98585239770764210     
           1          20  0.79322643049905472     
           2          20  0.10199240281085621     
          19          20   1.0087769784024838     
          20          21  0.99313236040024389     
          21          22   1.3948785082795634     
          22          23   1.4402442482638320     
          21          24  0.10499641717246669     
          23          24   1.4415581899085108     
          22          25  0.10673615254572272     
          24          25   1.4272081530709317     
          21          26   1.3789798273720528     
          23          26  0.10968582376735546     
          25          26   1.4579465104610621     
          20          27  0.98061721966885385     
          27          28   1.3964943736000579     
          28          29   1.4401567393749997     
          27          30  0.10529528190007084     
          29          30   1.4416561244941370     
          28          31  0.10819742042950867     
          30          31   1.4304595690897486     
          27          32   1.3838636639960815     
          29          32  0.11044002503442603     
          31          32   1.4516206448919104     
           3          33  0.96082122525131730     
           3          34  0.95717620882330534     
           4          35  0.93622148822963536     
           4          36  0.94411275782271820     
           7          37  0.92306865537029870     
           8          38  0.96966576270458282     
           9          39  0.97109952303310143     
          10          40  0.96953007725818785     
          11          41  0.96094504628063171     
          13          42  0.95885770689737349     
          14          43  0.96955457122367261     
          15          44  0.97093444486676161     
          16          45  0.96944658975417730     
          17          46  0.95857447620189729     
          18          47  0.95643479370961215     
          18          48  0.96047222729281767     
          19          49  0.94483651948034264     
          19          50  0.93876508661946922     
          22          51  0.96073210400015419     
          23          52  0.96968642358513535     
          24          53  0.97106829840198616     
          25          54  0.96960485644968386     
          26          55  0.95702498118302892     
          28          56  0.93966541062466147     
          29          57  0.96962602964920097     
          30          58  0.97107842534153888     
          31          59  0.96945141139321955     
          32          60  0.96053047258587498     
           1          61   1.3438853890302580     
           1          62  0.28629453400928301     
          61          62   2.0569099238106618     
          63          64  0.99246817802224396     
          64          65  0.99348737437470080     
          65          66   1.4127619450521867     
          66          67   1.4476398787307105     
          65          68  0.11059809793596759     
          67          68   1.4354527739692311     
          66          69  0.11172283298735265     
          68          69   1.4412176201835487     
          65          70   1.4190600891352536     
          67          70  0.11065287503966378     
          69          70   1.4410462127822181     
          63          71  0.81414087839401927     
          64          72  0.97024115768653263     
          64          73  0.96282866436656334     
          66          74  0.95857036257833150     
          67          75  0.97102488353720440     
          68          76  0.97123998473648587     
          69          77  0.97095935775494235     
          70          78  0.96871899905120173     
