           1           2  0.98962496954495183     
           2           3   1.2147004882555781     
           2           4  0.10383962767346146     
           3           4   1.6482286277360922     
           4           5   1.1642537230859593     
           5           6   1.3292850574968267     
           6           7   1.4968703244114512     
           7           8   1.3812200270187778     
           6           9  0.11042596290894278     
           8           9   1.4889233055241478     
           5          10   1.2988218530833917     
           9          10   1.3546332559715397     
           2          11   1.0892556373220608     
          10          11   1.0713367689875510     
           2          12  0.14086150224415420     
          11          12   1.6764075777815846     
           1          13  0.97079136589844817     
           1          14  0.97597171177211473     
           1          15  0.97600284171917062     
           3          16  0.95225351892119892     
           6          17  0.96711910883047048     
           7          18  0.97019703375186539     
           8          19  0.97015012323675942     
           9          20  0.96552233275955734     
