   -0.35651060
   -0.09506494
    0.02730031
   -0.04913630
   -0.01721928
   -0.00123495
   -0.10204631
   -0.09634025
    0.00713959
   -0.10605541
   -0.09868699
    0.02473758
   -0.05736169
    0.00226027
   -0.00024077
   -0.10335454
   -0.09615159
   -0.00290370
   -0.10129691
   -0.09595923
    0.04400715
    0.02322723
    0.05923314
    0.05596489
    0.04716780
    0.04440296
    0.04398681
    0.03518398
    0.05687876
    0.03680394
    0.04340294
    0.04940377
    0.03894508
    0.05168048
    0.07542792
    0.04227120
    0.04932914
    0.03154476
    0.02619159
    0.04643779
    0.06563462
    0.05700135
    0.04259647
    0.04142877
    0.05811393
    0.04292434
    0.03881655
    0.03440747
    0.06258355
    0.04684276
    0.03660375
    0.05738535
    0.05659780
    0.04360475
    0.03172706
    0.04029452
    0.15561544
   -0.30481113
   -0.11890335
   -0.40486143
    0.20139204
   -0.01301006
   -0.00957432
   -0.02240966
   -0.01702285
   -0.02408597
   -0.02646935
    0.21546013
   -0.20675060
   -0.00087492
    0.05955092
    0.04749883
    0.04739063
    0.04467261
    0.03726439
