$grad
  cycle =      1    SCF energy =   -93.79250260565   |dE/dxyz| =  0.002944
    0.54798248989351     -1.01820847145918     -1.18120729121813      Ru
    1.45941035486980     -4.72910486122941      0.44854481395962      N 
    4.16716623654168     -5.25072658163600      0.57391949208871      C 
    5.51839260680823     -2.97554616588946      1.72719806999634      C 
    4.67591425780593     -0.16503601644963     -0.23585341197152      P 
    7.11096556436208     -0.40769634990586     -2.80832272147558      C 
    9.86265274853893     -0.72955709472628     -2.00180232770459      C 
    6.80719989558566      1.86307739406201     -4.56344584712647      C 
    5.81491981164060      2.61628266921645      1.64136993477995      C 
    4.19498965344901      4.87933445567368      0.87297918438406      C 
    5.62901393831479      2.20588391345956      4.48805817843729      C 
   -0.00661756505066     -6.77090554826374     -0.69835356508173      C 
   -2.81182566653777     -6.16566004608301     -0.43153055477906      C 
   -3.39134449216821     -2.82515858248493     -1.45954542757926      P 
   -6.17594625652425     -2.14080875061186      0.63461043005824      C 
   -7.52310911950164      0.27728137931015     -0.18269076728387      C 
   -5.34954569971457     -1.86177075886711      3.38454948187955      C 
   -5.06921650608950     -3.20712480346487     -4.57198295284989      C 
   -4.84195721860090     -0.71592523764861     -6.01566037791155      C 
   -4.04068147397898     -5.34426458809551     -6.21853142401094      C 
    4.86602487326054     -5.60308289756644     -1.34936544442808      H 
    4.53309056699143     -6.96121557796519      1.70997033715213      H 
    4.76447052925560     -2.65298222716516      3.62337131031297      H 
    7.55037293504090     -3.29351586880461      1.86741781447423      H 
    6.54695896588500     -2.10345113631185     -3.86694994233735      H 
   11.06342250051522     -0.62550904693063     -3.67186545524285      H 
   10.45945627654793      0.75092096187098     -0.70729807786926      H 
   10.19272530876905     -2.55368636282443     -1.11360804182246      H 
    4.80309026802370      2.20665242935389     -4.92399143813899      H 
    7.74477431719954      1.51837116658134     -6.36384041548797      H 
    7.62763071477804      3.55013837394544     -3.72151954959213      H 
    7.78954704276981      2.98585877306014      1.13470400085462      H 
    4.76950721187509      6.56730455973576      1.90172860468347      H 
    4.33931231632718      5.25088931508565     -1.14413716973339      H 
    2.22010027609742      4.46904661640797      1.28799760119823      H 
    6.02347849746597      3.97157523426547      5.47036303623868      H 
    3.72256012086492      1.61669291557646      4.98731553861783      H 
    6.97313713752907      0.79714775379042      5.15177805844245      H 
    0.41822199489938     -8.58760720768866      0.23241131886461      H 
    0.52110051728870     -6.93656408631121     -2.69760166056362      H 
   -3.31961434312921     -6.31076519040266      1.56561927080648      H 
   -3.97421274624559     -7.50352053761176     -1.48308388754983      H 
   -7.46096617543817     -3.76559834242257      0.45566339569596      H 
   -8.48575949449781      0.04813835863946     -1.98235205087695      H 
   -6.14709931341174      1.80373090417311     -0.34063076830681      H 
   -8.92857607929603      0.81046358791415      1.22558308634944      H 
   -4.35395620281076     -3.52469017583487      4.08497404923828      H 
   -6.99127303276558     -1.54532245188217      4.58769092839693      H 
   -4.09105632539311     -0.24060584301388      3.54448491042612      H 
   -7.06451298873855     -3.59628000151121     -4.15372153600542      H 
   -6.01080468123650     -0.74775538695320     -7.70922454044309      H 
   -5.39311987516657      0.88687468837454     -4.85689264643579      H 
   -2.88225284449385     -0.41644251386503     -6.57180761210037      H 
   -2.01348198643149     -5.14542096074567     -6.49419608569388      H 
   -4.42188542289193     -7.20451931529260     -5.42995748106262      H 
   -4.93218283612576     -5.25866666316064     -8.07479228728737      H 
    1.42105727269055     -2.03974983967491     -4.37080622616943      C 
    2.11371615313402     -2.71982627841421     -6.34644418567178      O 
   -0.22022013626861      1.67411134958421     -2.13415790586325      H 
    0.41882776863438     -5.43555317789285      5.80554391183116      O 
    2.10796473170869     -4.83819934234561      7.25926016459412      C 
    2.34955187102834     -2.43841632158964      8.56952128637987      C 
    0.43584332292786     -0.61544428455751      8.42402414823172      C 
    0.71032097465905      1.66946384375052      9.65403283821026      C 
    2.89251443705325      2.17339304054813     11.02172305856502      C 
    4.80746650675434      0.38269348187517     11.16518145488677      C 
    4.54060919851589     -1.91362191635897      9.95857483281265      C 
    0.82402629809581     -4.58205479556245      2.28138660482383      H 
   -0.06254947375704     -0.07244767981473      1.58955672483495      H 
    3.67194158948846     -6.18092889597720      7.63858289593282      H 
   -1.23796520066910     -1.03367355040027      7.33517339386227      H 
   -0.77046736158351      3.06962482523235      9.54183644451004      H 
    3.10416781248441      3.96599146128866     11.97524156017537      H 
    6.50835131634185      0.78684242571766     12.22085364556014      H 
    6.02533652364688     -3.31714922120796     10.06298045297840      H 
  -3.3626151525918E-05   1.0969422524050E-05  -3.3138916059252E-04
   8.8795725302800E-05  -8.5647781849063E-05   4.1227394032114E-05
  -2.5952237041997E-04  -5.0557729989314E-05  -5.3725452054277E-05
   1.3522918723411E-04   1.5838150415115E-04   9.7357639560877E-05
  -7.8304092731765E-05  -5.6748852802866E-05  -4.6013167077936E-05
   1.1570128648601E-04   6.4103566225693E-06  -2.4047215018992E-04
  -2.1192175386981E-04   8.0987631957982E-05   2.5244942335393E-04
   1.7948639683224E-04  -1.8440126839380E-04   2.4149941244621E-04
   1.6009252421177E-05   3.4155695217968E-05   2.6001957144128E-05
  -7.1618936963355E-05  -3.2215781760807E-05   7.0189149336212E-05
  -1.5211284898559E-04   2.4449992691651E-05   1.0493743965806E-04
  -5.6766676116416E-05   1.3590938190893E-04   6.1058129813092E-05
  -1.2734149747216E-04  -2.1255200415630E-04  -3.3331109515528E-05
   1.5838117487809E-05   1.1969059247006E-04  -2.4471089806382E-04
  -2.5466113985165E-04  -2.0948533176975E-04  -2.9478389869970E-04
  -2.6562784109033E-04   1.4737391470476E-04  -5.0394858790329E-04
  -3.2615788505313E-04   3.5115866778434E-04   4.6685745888580E-05
  -1.4120087642148E-04   3.8908085020557E-04   7.0500274904769E-05
  -1.3558572705323E-04   2.6272669975120E-04   6.3265430140333E-05
   1.3888153596578E-04   7.0761258477621E-05   1.5868182354917E-04
   6.9814023172689E-05   5.1245255141659E-05  -1.0151576090398E-04
   2.5992967138080E-05  -1.6185006356324E-04  -3.2744436265152E-05
  -6.9430147473579E-05  -5.2365854757266E-05   3.8931469457579E-05
  -8.9854658202387E-05  -2.5163352585928E-05   5.2999332785414E-05
   5.8660154251487E-05   1.0768517152368E-04   1.7023192285580E-04
   9.3584371592646E-05   2.4647492031891E-05  -1.0375070183819E-04
  -6.0701210149391E-05  -3.0369597600757E-06  -8.9044129814496E-06
  -1.7609873043388E-05  -1.1923916778395E-04   3.2065186325065E-05
  -9.9481320176192E-05  -1.4363769067424E-05   1.7390565758522E-05
   2.3504316311411E-05  -8.7846616301751E-05  -5.8294184942922E-06
  -6.9719091183462E-05  -1.8140793015188E-04  -4.6693680170757E-05
  -4.0517200429427E-05   6.8309880211879E-06  -7.8808350193710E-06
  -6.3578057254103E-05   1.1076767542973E-05   4.5297229460276E-05
  -4.8388948423943E-05   1.1712001345764E-06  -5.0660048173630E-05
  -5.3298934043099E-05  -3.6450740207156E-05   3.0095655186408E-05
  -5.0184300253313E-06   3.1099486960162E-05   2.9324443996494E-05
   6.9638550610340E-05   3.4634107622924E-05   6.3702879695894E-06
   1.0334178459874E-04  -6.9209704589231E-05   4.4040514953401E-05
   3.3203213551573E-05  -2.2121216371374E-04  -2.2752331803006E-05
   4.7458638994776E-05   3.4337651135637E-05  -1.8367825270347E-04
   4.6391863007497E-05  -1.0841855894626E-04  -1.3962909305665E-04
   6.1260525003163E-05   1.0138208838822E-04   9.3237013067094E-06
  -6.5811505507755E-06  -3.4820755461830E-05  -6.1940811180860E-05
   1.6514073350776E-04  -1.0033629800796E-04   2.1893164890057E-04
   3.4256901553991E-05   3.7538362732128E-05  -3.4003801126048E-05
  -1.6965800335624E-04  -8.9369763531188E-06   1.9336382545256E-04
   4.9978097609160E-04  -8.7935937313528E-04   1.7342943090468E-04
  -1.5087823185690E-04   1.7919253622511E-04   1.6070786208463E-04
   3.1233393522842E-04   1.3334882544963E-04   1.5930900783398E-04
  -1.0844790954670E-05   1.1171454204455E-05   1.1794618314993E-05
   1.8672831081299E-04   7.1100311516418E-05   3.3154849010904E-04
   1.1777888826977E-04  -4.2026453502360E-04  -4.2318101893883E-04
  -1.0367277974365E-04   6.2167676230222E-05   2.1531023165094E-05
   1.3333702113353E-04  -2.0340967717303E-07  -1.0051561355565E-04
   5.9075888779631E-05  -2.0715039628881E-04   7.4182834073892E-05
  -2.0977523188873E-04   9.0269525532277E-05  -5.2501451214650E-04
   5.4082643145626E-04  -2.5486561348469E-04  -3.3846825844663E-04
  -4.2843721990752E-04   1.3676980020976E-04   5.1764226245850E-04
  -6.8598585620550E-06   4.5111601822810E-05   4.1479772614526E-05
  -4.0704971538163E-04   4.9595506533191E-05  -2.0889693140832E-04
   3.1346569958141E-04  -3.5222318438058E-04   1.1940164436118E-04
  -3.3562967160154E-04  -3.4712905030956E-05  -1.9825136067111E-04
  -5.8574184566534E-04   5.8279077951821E-05  -3.0909553694681E-04
  -2.8174866555348E-04   3.7410040162637E-04   2.0248946840971E-05
  -3.4419226598985E-05   5.3419172311874E-04   3.5047145644629E-04
   3.1200930065469E-04  -1.4318930751906E-04   3.7321213550077E-05
   2.9443648500863E-04   1.8990544749783E-04   2.3584325875724E-05
  -3.2409217275035E-05   1.6317648212101E-06   7.7647299521891E-06
  -4.0333067886875E-05  -3.2965101029210E-05   6.4065634195229E-05
   1.3730086691498E-04   1.8558836852226E-04   6.5131763841311E-05
   5.5694679253273E-05   6.1968776840810E-05   9.9397824927879E-05
  -1.3849587885141E-04   1.8460313026401E-04   1.0794716111525E-04
   8.1019537375307E-06   2.5433456355871E-04   1.2526148531754E-04
   5.4629778092941E-04   5.4783056455289E-06   5.4866918949896E-05
   6.3522246071760E-04  -4.8131184973189E-04  -3.7526771240688E-05
$end
