           1           2  0.46122251663879615     
           2           3  0.98989203451540109     
           3           4  0.99229474901320436     
           1           5  0.99255908045517793     
           4           5  0.97368425614509746     
           5           6  0.96144823553765391     
           6           7  0.99904273982495817     
           6           8  0.99676941022901888     
           5           9  0.96032650054369795     
           9          10  0.99445563567266093     
           9          11  0.99929465302589060     
           2          12  0.98730040274883601     
          12          13  0.99708864895203253     
           1          14  0.98058874832834664     
          13          14  0.97435305433990183     
          14          15  0.96099983790018872     
          15          16  0.99896431113666839     
          15          17   1.0001777252948185     
          14          18  0.95807278895667192     
          18          19  0.99786009773939321     
          18          20   1.0010579700683493     
           3          21  0.95727062875900371     
           3          22  0.96431860787715173     
           4          23  0.93666756815854213     
           4          24  0.94272742678273957     
           6          25  0.92915245486564579     
           7          26  0.97984755780360933     
           7          27  0.97634304705992436     
           7          28  0.98089136320654979     
           8          29  0.95974930927616864     
           8          30  0.98363740166606073     
           8          31  0.98059961474307833     
           9          32  0.93198786839784975     
          10          33  0.98249288553734138     
          10          34  0.96979177356240021     
          10          35  0.96101991453352209     
          11          36  0.98054202865711393     
          11          37  0.97273927571353502     
          11          38  0.98206169219014439     
          12          39  0.96459053681250739     
          12          40  0.95741716135039656     
          13          41  0.93786337055071289     
          13          42  0.94326896448472364     
          15          43  0.93575022626643056     
          16          44  0.97852533238051143     
          16          45  0.97166445186614059     
          16          46  0.98115067123143107     
          17          47  0.97090631416966999     
          17          48  0.98155179769302714     
          17          49  0.96845494662649656     
          18          50  0.93799976125994733     
          19          51  0.98317540374469037     
          19          52  0.96621260365624284     
          19          53  0.96632350138773471     
          20          54  0.97507319163262463     
          20          55  0.97969366485273579     
          20          56  0.98064632205617741     
           1          57   1.3984660422127175     
           1          58  0.31987541452178814     
          57          58   1.9847526823175330     
           1          59  0.87790067234375335     
          60          61   1.7501346858671671     
          61          62   1.1029851751546933     
          62          63   1.3482058845949960     
          63          64   1.4647771391182587     
          64          65   1.4246799460428070     
          63          66  0.10067512648235696     
          65          66   1.4185303765301076     
          62          67   1.3468922532804415     
          64          67  0.10145330096047507     
          66          67   1.4722034335193495     
           2          68  0.87211282566532722     
           1          69  0.77258920106255458     
          61          70  0.93366928281515993     
          63          71  0.96438043352564240     
          64          72  0.96936029666272672     
          65          73  0.97053618370717998     
          66          74  0.96971077466166100     
          67          75  0.96766898504468124     
