           1           2  0.94697011997301583     
           2           3   1.1906211859650386     
           3           4   1.6313636886786982     
           4           5   1.1462163755335359     
           5           6   1.3345966987278601     
           6           7   1.5004965474896981     
           7           8   1.3809695232540946     
           6           9  0.11101325924549842     
           8           9   1.4922424843437261     
           5          10   1.3072839151936819     
           9          10   1.3575358669334772     
           2          11   1.0701039634961858     
          10          11   1.0754404838256355     
           2          12  0.11820633859044920     
          11          12   1.6287363592074975     
           1          13  0.97826091290545614     
           1          14  0.97826096663407269     
           1          15  0.98811008375692833     
           3          16  0.96508445518594810     
           6          17  0.97165446040208070     
           7          18  0.97394017071309369     
           8          19  0.97361202942271630     
           9          20  0.96887528370387177     
