           1           3  0.76499474749241703     
           2           3  0.97513854596634275     
           3           4  0.99307220472794711     
           4           5   1.3884787862229286     
           5           6   1.4474799251965764     
           4           7  0.10462305771725286     
           6           7   1.4349490763949055     
           5           8  0.10797092511981524     
           7           8   1.4341375866570201     
           4           9   1.3870670261695897     
           6           9  0.10837194294718921     
           8           9   1.4493621478738112     
           3          10  0.98725612823180320     
          10          11   1.3847216794455797     
          11          12   1.4551240455759715     
          10          13  0.10584070120090605     
          12          13   1.4275419660725006     
          11          14  0.11102339460597521     
          13          14   1.4447143333324386     
          10          15   1.4026317968679629     
          12          15  0.10749602703288297     
          14          15   1.4378250956416740     
           2          16   1.0110483759991982     
          16          17   1.4040935194839463     
          17          18   1.4130510683902691     
          18          19   1.4415689340910722     
          19          20   1.3836212721640466     
           1          21  0.10154193636793359     
          20          21   1.0801766609494050     
          21          22   1.3800872280155121     
          22          23   1.4265847487309360     
          23          24   1.4348210189582264     
          24          25   1.3292844476295744     
          25          26   1.1457604396039587     
           1          27  0.72833787792170990     
          21          27   1.2562559988726989     
          25          27   1.2814699697901646     
           1          28  0.62633978963005155     
          16          28   1.3473693301402188     
          20          28   1.2671693559414201     
           2          29  0.92556818937698671     
           2          30  0.94247150365587085     
           5          31  0.95873328675459224     
           6          32  0.96944502680714528     
           7          33  0.97091671140028002     
           8          34  0.96931080506072687     
           9          35  0.96032612865371769     
          11          36  0.96203100774263917     
          12          37  0.96900835039652966     
          13          38  0.97083952704151066     
          14          39  0.96958764052393098     
          15          40  0.95524737557571082     
          17          41  0.96848607618793658     
          18          42  0.96918228010406848     
          19          43  0.96582097497843622     
          22          44  0.96624928214468975     
          23          45  0.96926698500103448     
          24          46  0.96797959717002635     
           1          47  0.86029122098406086     
          26          47  0.83371266783276476     
           1          48  0.14841673712804490     
          47          48   1.8407027741833994     
