   -0.55213904
   -0.12134909
    0.02582738
   -0.04770421
   -0.00150469
   -0.00489631
   -0.10492775
   -0.10185126
   -0.00116870
   -0.09100101
   -0.09804740
    0.02665305
   -0.04830421
   -0.01765665
   -0.00062578
   -0.10203484
   -0.08637364
   -0.00344379
   -0.10493867
   -0.10078883
    0.04802081
    0.02406427
    0.05109286
    0.06747641
    0.05807804
    0.04789040
    0.04377577
    0.04148385
    0.04357909
    0.04209891
    0.06147565
    0.05185599
    0.03257363
    0.03097911
    0.05627758
    0.05484877
    0.03831275
    0.04230493
    0.01720280
    0.05702218
    0.04899746
    0.06091908
    0.05452276
    0.04704659
    0.04222154
    0.06000887
    0.03521277
    0.02851799
    0.04389345
    0.06414073
    0.04217062
    0.04316692
    0.04911241
    0.06205244
    0.04343261
    0.04383552
    0.19726392
   -0.27427603
    0.19533292
   -0.37802192
   -0.41150404
    0.19302197
   -0.01256776
   -0.01969575
   -0.02884322
   -0.02353646
   -0.02450254
   -0.02687169
    0.19762984
   -0.00544511
    0.08600146
    0.03772223
    0.03834750
    0.04146834
    0.04019103
    0.03489522
