$grad
  cycle =      1    SCF energy =   -99.04073390067   |dE/dxyz| =  0.000460
    0.83162034261162      0.66764032197570      0.35662280257180      Mn
    0.89790422210269     -3.42238360839500      1.85210382810175      N 
    3.28475962624151     -4.82010658741078      1.62077456352268      C 
    4.61641452639275     -4.21831150511094     -0.87130698124196      C 
    4.52466598981962     -0.74225933417770     -1.38512012390508      P 
    5.09733961799217     -0.51171835450088     -4.87988068668247      C 
    7.65832053847328     -1.46294642820937     -5.81790155603442      C 
    2.97383356609970     -1.83341600354051     -6.32664068555809      C 
    7.66047613238833      0.31604331938800     -0.13526679212183      C 
    7.95904897599526     -0.26768641124223      2.67320598756490      C 
    7.87876171021685      3.15384493494342     -0.61385366797089      C 
   -1.37296564205691     -4.91561340854169      1.36102202961323      C 
   -3.69102042165498     -3.40317143807574      2.18434345007336      C 
   -3.34694105693288     -0.09685852595336      1.00545912036719      P 
   -5.24162129416018      1.74721708700524      3.35002335846694      C 
   -5.43027328807448      4.45421439906818      2.36289288583257      C 
   -3.98761489317357      1.74704960323374      5.94663106585776      C 
   -5.54132182356221     -0.09669892681568     -1.78328573651209      C 
   -8.34952659811637     -0.45723671705823     -1.21897855920674      C 
   -4.63791459213141     -2.08522882286391     -3.67398333522659      C 
    4.50163576574907     -4.27082721504130      3.19833319432561      H 
    2.94700853249110     -6.86586904569746      1.76331526652774      H 
    6.55610933952801     -4.92739986845400     -0.86418604303601      H 
    3.58346153695646     -5.08967326332991     -2.43336645394530      H 
    4.93381825524009      1.52293141656711     -5.25882490075960      H 
    7.64960880925469     -1.47372089099944     -7.87645579360271      H 
    8.01869593281326     -3.38389671154406     -5.17645700754994      H 
    9.20317163587359     -0.25231292126060     -5.21341797239876      H 
    2.88968197529206     -1.12681034885268     -8.25604250407215      H 
    3.27761819735461     -3.86608766926347     -6.40746902088869      H 
    1.15974820338846     -1.45286515874877     -5.42993268696358      H 
    9.14598583229197     -0.69257420735408     -1.16694204181765      H 
    9.61929672604114      0.69838723169878      3.41585737493669      H 
    8.21125018350770     -2.28399556561468      2.99730311524196      H 
    6.32500666972211      0.37835492002844      3.74567142484906      H 
    6.27234800074578      4.13779439742022      0.22777302651507      H 
    9.60826562645062      3.90063778586848      0.21612754903363      H 
    7.89272515632959      3.57687422005734     -2.62628258382352      H 
   -1.31560481569322     -6.72341746478749      2.40062487634766      H 
   -1.46032634708522     -5.34358464324732     -0.66079280356796      H 
   -3.78081069729343     -3.34234802498828      4.24874346018167      H 
   -5.42767541396075     -4.26862443556288      1.48665892089107      H 
   -7.12082703740800      0.89128571303254      3.51692811007055      H 
   -6.54347354528555      4.56696040817952      0.63980099188773      H 
   -6.29372020082501      5.67952377626562      3.77324060368167      H 
   -3.53783886140399      5.16789659022873      1.94616365047466      H 
   -5.03610010755448      2.96280290818433      7.23521742787601      H 
   -3.92303250888204     -0.13293954989516      6.77976320788919      H 
   -2.06824297820119      2.48263567878495      5.81166438211218      H 
   -5.24537456773139      1.76989244825302     -2.63888891661219      H 
   -8.69023667690828     -2.14845216277858     -0.09816091184569      H 
   -9.15403126626200      1.15473057689934     -0.23432568294172      H 
   -9.36044471982067     -0.66940144229125     -2.99963943580088      H 
   -2.58292410672247     -2.01481902640928     -3.82562666468652      H 
   -5.21117196164290     -3.97406673209215     -3.09492477740184      H 
   -5.43201603592599     -1.71624154204272     -5.53479633321578      H 
    0.08858759481857      2.28318026405883     -2.44545918554718      C 
   -0.39416348410611      3.47640686563173     -4.24551459225500      O 
    1.50445634134478      3.43945233636125      2.08655439415640      C 
    1.81899310361603      5.49988898452377      2.94913584237843      O 
    2.65003222330551     -1.07276302988323      6.60894854929550      O 
    1.90481642702172     -0.47480472171479      8.72048952466385      C 
   -0.11829036799186     -1.70271344528355     10.10432841310633      C 
   -1.17273306902982     -3.97562183205672      9.24459937242258      C 
   -3.11938525941182     -5.10989765287628     10.55400723236798      C 
   -4.04871740488097     -4.00192099113073     12.74309699416872      C 
   -3.00525274333913     -1.76260792907950     13.62766949222204      C 
   -1.05290555217539     -0.62136275505188     12.32989350866073      C 
    0.78956578057676     -2.82741213297851      3.69346117821393      H 
    2.77436574491149      1.15049065518698      9.70040254245686      H 
    1.97608571508817      1.52226920218927      3.32408972246659      H 
   -0.40687049538654     -4.84463267437593      7.56170936012234      H 
   -3.92026979667546     -6.86323832578348      9.87932380434543      H 
   -5.57722789239138     -4.88804743818308     13.76387191281366      H 
   -3.72485713110464     -0.91130048283114     15.33770228759901      H 
   -0.24164767676962      1.12723598574781     13.00561542323634      H 
   4.7718061656880E-05  -1.3328905042798E-05  -4.3538705941166E-05
  -9.8807067029546E-07   8.3545864076575E-06  -2.4931765767324E-06
   3.6886186032081E-06  -2.5078001166355E-06   5.6836871038641E-06
  -6.3473480207220E-06   3.4909908280412E-06   8.7719549481658E-06
   4.0563990499566E-05  -4.9582183768123E-05   1.1553029364448E-05
  -6.4656121528727E-06   2.2266439599461E-05  -1.5956621773048E-06
   2.4621774777942E-06  -1.4050588381561E-06   4.6749283636586E-06
  -6.5776305891819E-07  -1.0995425948506E-05   2.6008908019568E-06
  -8.2844543410896E-07   7.5625944599063E-06   4.8471574114846E-06
   3.8512668553096E-06   3.1010581786413E-06  -1.9328350435446E-06
   4.9313868765116E-06   1.6377668806332E-05   5.8544324763936E-06
  -2.7576568492024E-06   3.3066656016756E-06  -2.2948046367884E-07
  -5.5558112547798E-06  -2.5922767425161E-06   1.1746964868014E-05
   1.3729059991452E-05  -7.9078159594486E-06  -5.3987896793126E-05
   6.2735572372005E-06  -9.3383957899060E-06  -6.7980318092590E-06
  -1.5439268207328E-06  -5.1045313484601E-06   9.5093754082459E-06
  -6.0989765750402E-06   1.4834599581399E-05  -1.6945940454330E-06
  -1.2024542518578E-05  -3.0206767288259E-06  -2.1886568454286E-06
  -1.2403738882872E-06   2.9077903500441E-06  -1.5531339943000E-06
   8.3305131586826E-06  -1.1327620600112E-06   8.9088265255301E-06
  -1.7049483578440E-06  -6.1117783917707E-06  -1.7532907619626E-06
  -2.4344839236349E-06  -2.8767910935472E-07  -6.7167275620668E-06
   3.8021221149353E-06   4.1798988194608E-06  -5.3310845434421E-06
  -1.0600116859991E-05  -8.8923818942610E-07  -1.7735540198665E-05
   6.1087857298234E-06   1.1217914940234E-05  -1.2582422274393E-05
   5.1114882642033E-07   4.2207067743196E-06  -4.8785356568039E-06
  -4.3251968060561E-07  -6.3409179639696E-06  -6.2575315204716E-06
   6.0951375458874E-07  -7.9722748693860E-06  -1.2267902354350E-07
   4.2734062117884E-06   5.5342379943262E-06  -2.0266210430670E-05
  -6.3151665496806E-06   1.8958223087201E-06   9.0613255065176E-07
  -7.9547395767165E-06   4.7868272322222E-06  -5.1331024134958E-07
  -5.4619437105238E-06   7.4528399680163E-07   2.4479013526838E-06
  -1.0024858068558E-05  -8.4164352284953E-06  -1.8389515013539E-06
  -1.4883267929634E-06  -1.0839870811919E-05  -6.0924296209520E-06
  -3.5955792831530E-06  -6.2815409404551E-07  -6.5408181534383E-06
   1.4248481151060E-05  -5.4826783687679E-06  -6.9378593971450E-06
  -1.5686082150671E-05  -4.2099576142820E-06  -3.6328004784973E-06
   4.6432708791716E-06   6.7789049611405E-07   2.1811207875928E-05
   6.3359392579540E-07  -8.8319958561256E-08   3.4783972498082E-07
   4.1653279406856E-07  -2.3146333414965E-06   5.8821093357570E-07
   6.4934980536519E-07  -3.0249129225710E-06  -8.4324085525869E-06
   7.9300743198433E-06   6.2357321810580E-06   8.1098384991496E-06
   3.0115393851848E-06   4.2190836227831E-06   1.6088116411159E-06
  -3.9613402568536E-06  -1.6341590073566E-06  -3.2950069038047E-06
  -1.4914469386868E-06   7.6201059245289E-06   4.8909369748877E-06
   6.9842175124771E-06   3.5386190921237E-07  -6.0376509498281E-06
   7.0024880553055E-06  -1.0199356904829E-05  -4.7834804788816E-06
   3.6806115962242E-06   5.1190211226032E-06  -2.3861754847923E-06
  -1.1249250638090E-05  -3.1522400370731E-06   4.7415668008313E-06
   2.5091133860676E-06   3.1813188884350E-06  -3.8528199106988E-06
  -1.1330181637675E-07  -1.4987929365240E-05   2.7976394190757E-06
  -1.8079826665861E-06  -4.7119217422665E-06   6.3708994319844E-07
   1.4213439729925E-06  -3.8760715772116E-06  -4.8680731100629E-07
   8.1084330966204E-06   2.5545464423153E-06   2.3586075732510E-07
   4.0962048730561E-06  -7.0227242141520E-06   3.2002752941868E-06
  -1.1423147211997E-06  -2.1863601387581E-07  -2.2600322216933E-06
  -1.8277969894517E-04  -2.7369001055075E-05   1.1779968480923E-04
   5.6590466550479E-05   4.1542150489992E-05  -8.9941531427217E-05
   1.3906281348122E-04   9.8704530831421E-06   5.4592107195425E-05
  -5.1824727682434E-05  -7.1747086380400E-05  -1.5872540126456E-05
  -2.3592872667473E-05   1.6867495346168E-05  -1.3560778187960E-04
   1.3442689353718E-04  -1.0487925025105E-04   1.4754930579664E-04
  -2.9515835217440E-05   4.1736304936055E-05  -2.8007579748467E-05
  -2.2220965867726E-05   1.2246425195355E-06  -4.0373559292347E-05
   3.8479231494758E-06  -4.0179919599914E-05   3.4505925164948E-06
  -5.4981937707113E-05  -2.4456759093628E-05   3.4742766405430E-05
   9.9341773854637E-06   1.8218514930266E-05   3.4614562562131E-05
  -1.2486884698414E-05   2.8522215575569E-05   2.6165150354356E-05
   1.9417616617533E-06  -5.0269444978091E-06  -1.0934344943897E-05
  -4.2117973769602E-05   5.5130674190393E-05  -1.3167459447021E-05
  -1.3781253634261E-05   7.1465752214470E-05  -5.5818050280625E-07
   5.5530040845625E-06  -1.7264374440946E-05  -1.1443326975544E-05
  -1.1718411212810E-05  -1.8097583432186E-05   8.3760652203057E-07
   6.8170459843784E-06   1.7670182994686E-05  -2.2851394674175E-06
  -1.0859748848781E-05   2.8916489350768E-05   3.7061901018893E-05
   1.5490289904902E-05   4.2437118723054E-05   1.3649954458786E-05
$end
