           1           2  0.37289739952186052     
           2           3  0.99083730874920717     
           3           4  0.99257906606179591     
           1           5  0.85498049202865867     
           4           5  0.99856916203280233     
           5           6  0.98476405476281714     
           6           7  0.99712989291058429     
           6           8  0.99600428285740417     
           5           9  0.97064137604285572     
           9          10  0.99959379701832007     
           9          11  0.99754778874997085     
           2          12  0.99767049537720032     
          12          13  0.99591669551692530     
           1          14  0.89702769299945939     
          13          14  0.99060388506650565     
          14          15  0.97348073566339521     
          15          16  0.99553324953621114     
          15          17  0.99959610168875557     
          14          18  0.98076987332097387     
          18          19  0.99751103131817653     
          18          20  0.99442289007791418     
           3          21  0.96734999981723857     
           3          22  0.96503962107039876     
           4          23  0.94364367201576016     
           4          24  0.93927050895468311     
           6          25  0.93047544863385323     
           7          26  0.97963371693408818     
           7          27  0.98100005380963029     
           7          28  0.98053824404754686     
           8          29  0.98301452693788982     
           8          30  0.98108772730003435     
           8          31  0.95027196753162335     
           9          32  0.93386142087650248     
          10          33  0.98109952528362687     
          10          34  0.98037700545040396     
          10          35  0.96655311274083744     
          11          36  0.96418674045558406     
          11          37  0.98151901894505345     
          11          38  0.97613630358013814     
          12          39  0.96316732013968420     
          12          40  0.96303745862736867     
          13          41  0.94166224602683912     
          13          42  0.93996311058746040     
          15          43  0.93471551023664767     
          16          44  0.97545546839533337     
          16          45  0.98134612503929475     
          16          46  0.96178823333235253     
          17          47  0.98128305500546598     
          17          48  0.97521240971140544     
          17          49  0.96947906221299274     
          18          50  0.92822151891073923     
          19          51  0.97783448390852024     
          19          52  0.98002464044208271     
          19          53  0.97908507080322971     
          20          54  0.94658748996406816     
          20          55  0.98108140207188366     
          20          56  0.98310685620888194     
           1          57   1.5546828840112314     
           1          58  0.36866805767179706     
          57          58   1.9369426099838638     
           1          59   1.3213915021899396     
           1          60  0.39692272084606273     
          59          60   1.7509829103158348     
          61          62   1.7131147470449106     
          62          63   1.1061484264801016     
          63          64   1.3429865362575593     
          64          65   1.4714878743648618     
          65          66   1.4187572683289889     
          66          67   1.4196063160539214     
          63          68   1.3459696600551625     
          67          68   1.4715323256798898     
           2          69  0.89185157379068691     
          62          70  0.93791682224740669     
           1          71  0.32294096649352033     
          59          71  0.60368127364178270     
          64          72  0.96570205485694305     
          65          73  0.97007496623269152     
          66          74  0.97116712416072581     
          67          75  0.97007274650933284     
          68          76  0.96830276856651165     
