$hessian                                                                        
        0.4598113928   0.0307152955   0.0034012455  -0.2095280639   0.0382607930
        0.0071067755  -0.0125945450   0.0078574962   0.0008568925  -0.0007524257
        0.0007422631   0.0002558006  -0.0000500202   0.0005403263   0.0000245356
       -0.0000196988   0.0000818044  -0.0000145064  -0.0001043024   0.0002123098
        0.0000149136  -0.0001508424  -0.0004854271  -0.0000492564  -0.0015295103
        0.0003641880   0.0000610990   0.0002410409  -0.0033744691  -0.0001457621
       -0.0316904011  -0.0011923089   0.0007017009   0.0008139104   0.0010410742
        0.0000150840  -0.0443382409   0.0151727777   0.0295587487  -0.0475184230
        0.0257526877  -0.0338390415  -0.1141371765  -0.1141255404  -0.0077609645
        0.0015796127  -0.0016979455  -0.0002154396  -0.0000056179  -0.0000224214
       -0.0000027460   0.0000206639  -0.0000134257   0.0000008563  -0.0000867559
        0.0000573305   0.0000113427   0.0000394033   0.0001131917   0.0000187218
        0.0307152955   0.5374859058   0.0029393144   0.0340166699  -0.0885775851
       -0.0037246986   0.0228598716  -0.0054000112  -0.0006077079   0.0077359597
       -0.0075706953  -0.0014279579  -0.0013138063  -0.0010553748   0.0000082804
        0.0005045561   0.0001073868   0.0000775981  -0.0000926870  -0.0004585591
       -0.0000260685  -0.0005544368   0.0001618528   0.0000733691  -0.0007266358
        0.0006698844   0.0001083219  -0.0050061357  -0.0031147145  -0.0006100209
       -0.0175390420   0.0062732830   0.0009590905  -0.0039304244   0.0006330803
        0.0003177592   0.0145868601  -0.0969037018  -0.0975616967   0.0250943364
       -0.1319339778   0.1107172968  -0.1091978950  -0.2107284431  -0.0112618951
        0.0029998610   0.0001925719   0.0000455320  -0.0000863775   0.0000607050
        0.0000106597   0.0000041107   0.0000241537  -0.0000159561  -0.0001363524
        0.0000279859  -0.0000085219   0.0000662719   0.0001062529  -0.0000126983
        0.0034012455   0.0029393144   0.4933276264   0.0067400310  -0.0038060276
       -0.0547250059   0.0021286037  -0.0002701036  -0.0051244865   0.0008459668
       -0.0012377808   0.0070684014  -0.0001285148  -0.0000608902  -0.0007436718
        0.0000157364   0.0000976604  -0.0009728877  -0.0000162678  -0.0000409815
       -0.0001089082  -0.0000584370   0.0000681475  -0.0005414296  -0.0000223332
        0.0000915940  -0.0004113991  -0.0002864124  -0.0006540775   0.0056345090
       -0.0006654421   0.0005542233   0.0001582004  -0.0004015822   0.0001979562
       -0.0019768899   0.0288042194  -0.0971015576  -0.2175530128  -0.0331902313
        0.1102194485  -0.1793410823  -0.0073471954  -0.0111345455  -0.0439877716
        0.0001789014   0.0001699008  -0.0012613288  -0.0000092926   0.0000086189
       -0.0000579349   0.0000064964  -0.0000148833   0.0002075699  -0.0000050704
       -0.0000126828   0.0001821666   0.0000095787  -0.0000133333   0.0002273355
       -0.2095280639   0.0340166699   0.0067400310   0.5961683445  -0.0625379425
       -0.0177992516  -0.1064529913   0.0716033557   0.0077942988  -0.0333248927
        0.0526958310   0.0056604377   0.0046948278  -0.0033786380  -0.0005742836
       -0.0009427928  -0.0000054543   0.0000244456   0.0009011494   0.0003070259
        0.0000143065  -0.0010357445  -0.0006892423  -0.0000349819  -0.0053981373
        0.0037818729   0.0005970981  -0.0461694620  -0.0197427710  -0.0004214474
       -0.1482071877  -0.0652143584  -0.0029771472   0.0141764602  -0.0125856452
       -0.0010274139  -0.0182488271   0.0099888060   0.0094785322  -0.0198630727
        0.0116638757  -0.0065679773  -0.0282628097  -0.0001223428   0.0007154964
        0.0010047294  -0.0203759124  -0.0016273489   0.0002612000  -0.0001239218
       -0.0000206070   0.0000492497   0.0001116028   0.0000098972  -0.0006318631
        0.0000858481  -0.0000031056   0.0008098838   0.0005213408   0.0000190208
        0.0382607930  -0.0885775851  -0.0038060276  -0.0625379425   0.6473102006
        0.0476269295   0.0207190885  -0.2641325022  -0.0196739280   0.0785620786
       -0.0331862429  -0.0061546779  -0.0214583154  -0.0174222932  -0.0003585204
        0.0082665797   0.0022623446  -0.0000296650  -0.0042285605  -0.0077370000
       -0.0005750737  -0.0064981689   0.0083271026   0.0008771897   0.0145503128
        0.0052137808  -0.0004055923  -0.0336519563   0.0097777948   0.0014706309
       -0.0204279501  -0.1215133320  -0.0055059610  -0.0294929807  -0.0972309648
       -0.0086848715   0.0206491127  -0.0066519824  -0.0037941255   0.0247930036
       -0.0081437203   0.0009510143  -0.0263811006   0.0045100048   0.0010157931
       -0.0019017662  -0.0339768451  -0.0031348081  -0.0006625402   0.0005700094
        0.0000644622   0.0001654636   0.0000124568   0.0000027624   0.0000077093
        0.0001571837   0.0001034081   0.0012671395   0.0004315897   0.0000110608
        0.0071067755  -0.0037246986  -0.0547250059  -0.0177992516   0.0476269295
        0.1014786960   0.0035235473  -0.0209549258  -0.0372102522   0.0078322821
       -0.0055009457   0.0159775131  -0.0020873194  -0.0008077462  -0.0066646796
        0.0007132470   0.0001772311  -0.0000539417  -0.0003485221  -0.0006914060
        0.0005870010  -0.0005270034   0.0007296029  -0.0000945070   0.0014830489
       -0.0001289921   0.0054131408  -0.0015849191   0.0011183547   0.0026543026
        0.0007874689  -0.0043869676  -0.0498139721  -0.0024449631  -0.0090923336
        0.0143852347   0.0264220215  -0.0078989884   0.0009487746  -0.0215252138
        0.0056690029   0.0041189910  -0.0014916322   0.0003559686   0.0003177747
       -0.0000787732  -0.0026858209   0.0040169220  -0.0000667207   0.0000673682
       -0.0001607014   0.0000133465  -0.0000096289   0.0000659562  -0.0000067458
        0.0000902367  -0.0009660603   0.0000793267   0.0000477590  -0.0002751864
       -0.0125945450   0.0228598716   0.0021286037  -0.1064529913   0.0207190885
        0.0035235473   0.8065390918  -0.0241801133  -0.0192336971  -0.4495873908
        0.1263025729   0.0205660743  -0.0924121154  -0.0292856005  -0.0000357791
        0.0111865727  -0.0032773371  -0.0004663788  -0.0066676632  -0.0096580745
       -0.0006100364  -0.0044278110   0.0069170923   0.0006990189   0.0052600628
        0.0026413096   0.0000680623  -0.0145782486   0.0134224916   0.0014566770
        0.0423815428  -0.0044837470  -0.0015357570  -0.0101429798  -0.0070433029
       -0.0002321333  -0.0023393714   0.0019285011  -0.0002796644  -0.0024683767
        0.0019493528   0.0006792241  -0.0012839058   0.0034442640   0.0003327745
       -0.1626444957  -0.1227523112  -0.0070663915  -0.0003037820   0.0000411363
       -0.0000067598  -0.0000921616  -0.0003005816  -0.0000330268   0.0001010797
        0.0002395987   0.0000263273   0.0005274882   0.0005157886   0.0000193147
        0.0078574962  -0.0054000112  -0.0002701036   0.0716033557  -0.2641325022
       -0.0209549258  -0.0241801133   0.5924420579   0.0398851392   0.1148471543
       -0.1282936599  -0.0092426705  -0.0077122607   0.0220047487   0.0017434403
       -0.0135242368  -0.0051238795  -0.0004021695   0.0029275326   0.0069187003
        0.0004356215   0.0047285800  -0.0061902195  -0.0006558413  -0.0084710163
       -0.0030910525  -0.0000026782   0.0183816527  -0.0061319736  -0.0008621153
       -0.0454166653  -0.0424541784  -0.0019995010   0.0049258105  -0.0057391773
       -0.0010229114  -0.0022168258  -0.0000061973   0.0010309778  -0.0017476863
       -0.0001654950  -0.0008255222  -0.0016616758   0.0011540025   0.0001078278
       -0.1211335359  -0.1548441165  -0.0069322609   0.0009541077  -0.0006010779
       -0.0000593833  -0.0002293720  -0.0000961013   0.0000345354   0.0002811130
       -0.0001004500  -0.0000242661  -0.0002134145  -0.0001494173   0.0000168072
        0.0008568925  -0.0006077079  -0.0051244865   0.0077942988  -0.0196739280
       -0.0372102522  -0.0192336971   0.0398851392   0.1272862066   0.0196137223
       -0.0095269336  -0.0537667942   0.0017694246   0.0022972878   0.0034795214
       -0.0013115110  -0.0006704039   0.0039433827   0.0004204532   0.0007654572
        0.0006038942   0.0005159373  -0.0007088656   0.0001386979  -0.0008417035
       -0.0002990257  -0.0002233581   0.0018622204  -0.0007347092  -0.0015591594
       -0.0050111087  -0.0030417239  -0.0051276435   0.0008008149  -0.0007347190
        0.0051721255   0.0030099857  -0.0014528974  -0.0007126477  -0.0032525752
        0.0014412301  -0.0004911299  -0.0000962221  -0.0000266143   0.0004495833
       -0.0069416878  -0.0068730091  -0.0362095640   0.0000883833  -0.0000542123
        0.0000089104  -0.0000301560   0.0000471449  -0.0005479418   0.0000194216
       -0.0000093808  -0.0000450161  -0.0000328933  -0.0000221287  -0.0000643285
       -0.0007524257   0.0077359597   0.0008459668  -0.0333248927   0.0785620786
        0.0078322821  -0.4495873908   0.1148471543   0.0196137223   0.7398276836
       -0.0383410969  -0.0198895792  -0.1451886764  -0.0986492666  -0.0060611136
       -0.0642051426  -0.0238223238  -0.0003703331   0.0011793684   0.0167870387
        0.0015543085   0.0042026996  -0.0086794926  -0.0008387041  -0.0032484015
       -0.0015467187   0.0001337487   0.0175494159  -0.0357906166  -0.0032370156
       -0.0365641362  -0.0087619787   0.0001203820   0.0075575520  -0.0030182795
       -0.0004900156  -0.0022594691   0.0000270807   0.0004777954  -0.0021979797
        0.0000467579  -0.0003503104   0.0016769916  -0.0004687362  -0.0000894095
       -0.0355915450   0.0033561261   0.0010707604   0.0025481693  -0.0010052157
       -0.0002169265  -0.0013190070  -0.0009275749  -0.0000401814   0.0001675195
       -0.0000427372  -0.0000557441  -0.0004703331  -0.0003081587  -0.0000096331
        0.0007422631  -0.0075706953  -0.0012377808   0.0526958310  -0.0331862429
       -0.0055009457   0.1263025729  -0.1282936599  -0.0095269336  -0.0383410969
        0.3939948452   0.0274260105  -0.0944698994  -0.1908094691  -0.0087284487
       -0.0090122448   0.0091432817   0.0009680971   0.0043870932   0.0048889539
       -0.0002946346   0.0012052421  -0.0021765447  -0.0001849947   0.0029701497
       -0.0078490621  -0.0013290384  -0.0269134027  -0.0498882431  -0.0041535048
       -0.0018977885   0.0074979623   0.0008897560   0.0001289132  -0.0019116246
       -0.0000077394   0.0015559313  -0.0005409318   0.0000789898   0.0012752493
       -0.0003921809  -0.0002621755  -0.0009329930   0.0004731194   0.0000880522
       -0.0176799837   0.0067884864   0.0013740279  -0.0006845788   0.0011750231
        0.0003411752   0.0003835257   0.0003171938   0.0000166743   0.0000392549
        0.0001510897   0.0001697829  -0.0017540384  -0.0018113012  -0.0001263696
        0.0002558006  -0.0014279579   0.0070684014   0.0056604377  -0.0061546779
        0.0159775131   0.0205660743  -0.0092426705  -0.0537667942  -0.0198895792
        0.0274260105   0.0804187224  -0.0057163916  -0.0086158095  -0.0585902291
        0.0008686846   0.0013310224   0.0002941029   0.0005308907  -0.0005843615
        0.0071236870  -0.0000203698   0.0000529461  -0.0002828867   0.0005082562
       -0.0012250938   0.0069710364  -0.0024833256  -0.0039210150   0.0076306434
        0.0007097702   0.0010763841  -0.0023907401  -0.0002259491   0.0000684910
       -0.0019664599  -0.0014629231   0.0006566436   0.0002418446   0.0018188161
       -0.0007613997   0.0000335132  -0.0001263291   0.0000727760  -0.0002409086
       -0.0006885983   0.0008363797  -0.0041303875  -0.0001939776   0.0003610799
       -0.0027808795   0.0000647046   0.0000419861   0.0000495313  -0.0000442518
        0.0001650462  -0.0018069602  -0.0001317396  -0.0001557797   0.0001472501
       -0.0000500202  -0.0013138063  -0.0001285148   0.0046948278  -0.0214583154
       -0.0020873194  -0.0924121154  -0.0077122607   0.0017694246  -0.1451886764
       -0.0944698994  -0.0057163916   0.6639415885  -0.0077650821  -0.0137591439
       -0.2622545192   0.1014061568   0.0137675234  -0.0595087595  -0.0577614729
       -0.0033610297  -0.0261687347   0.0347006480   0.0034038119   0.0411063541
       -0.0102288642  -0.0018860336  -0.1061000091   0.0282808857   0.0036955707
        0.0085509233   0.0297264402   0.0022319450  -0.0107533848   0.0053073697
        0.0008081981   0.0009157840   0.0001579819  -0.0004173510   0.0009183714
        0.0000815183   0.0003942625  -0.0000840802   0.0000549162   0.0000062197
       -0.0057987625   0.0014723428   0.0005566864  -0.0066122096   0.0050715009
        0.0006415398  -0.0021555486  -0.0029741485   0.0000357112   0.0000615895
        0.0007673950   0.0000692404  -0.0031026184  -0.0033433060  -0.0000243497
        0.0005403263  -0.0010553748  -0.0000608902  -0.0033786380  -0.0174222932
       -0.0008077462  -0.0292856005   0.0220047487   0.0022972878  -0.0986492666
       -0.1908094691  -0.0086158095  -0.0077650821   0.6087723532   0.0391879672
        0.0502280292  -0.1129903593  -0.0063327538  -0.0046218611   0.0387209869
        0.0034198615   0.0272711304  -0.0241362262  -0.0021973032  -0.0517921565
       -0.0444824753  -0.0024211838   0.0571705670  -0.2581501270  -0.0185732144
        0.0370168042  -0.0112257131  -0.0017525623  -0.0035543291   0.0054806854
        0.0002603242   0.0005142861   0.0001780845  -0.0002368752   0.0005765396
        0.0001494742   0.0002527798  -0.0001624361  -0.0001158562  -0.0000139294
        0.0015921708   0.0006886836  -0.0009576104   0.0291850572  -0.0127599532
       -0.0019448169  -0.0036099341  -0.0020882731  -0.0008578207   0.0008620634
        0.0000181949  -0.0000476872  -0.0021376698  -0.0007770907  -0.0005980173
        0.0000245356   0.0000082804  -0.0007436718  -0.0005742836  -0.0003585204
       -0.0066646796  -0.0000357791   0.0017434403   0.0034795214  -0.0060611136
       -0.0087284487  -0.0585902291  -0.0137591439   0.0391879672   0.1462988903
        0.0094883079  -0.0076091608  -0.0532494139   0.0010798966   0.0047497294
       -0.0004325188   0.0027944382  -0.0023826626  -0.0064641827  -0.0053654543
       -0.0034588775  -0.0000816126   0.0061015678  -0.0178528587  -0.0550582545
        0.0028420807  -0.0015401329  -0.0017378484   0.0000666411   0.0000143089
        0.0036308255   0.0003229278  -0.0000122620  -0.0000750480  -0.0002797178
        0.0000417780  -0.0000341382  -0.0000075421  -0.0000217665   0.0001282126
        0.0005699760  -0.0009466762   0.0114795900   0.0026537425  -0.0013490240
        0.0016406952  -0.0000122427  -0.0008758534   0.0092206669   0.0000738588
       -0.0000328965   0.0002013168   0.0000773040  -0.0005763639   0.0070518788
       -0.0000196988   0.0005045561   0.0000157364  -0.0009427928   0.0082665797
        0.0007132470   0.0111865727  -0.0135242368  -0.0013115110  -0.0642051426
       -0.0090122448   0.0008686846  -0.2622545192   0.0502280292   0.0094883079
        0.6427860877   0.0271898212  -0.0110534614  -0.2364800042  -0.0911968828
       -0.0028169322   0.0456729485  -0.0637240936  -0.0064519129  -0.0567152645
       -0.0114371702   0.0003732772   0.0039953618   0.0698982732   0.0058217495
       -0.0034257466  -0.0003198775   0.0002511878   0.0002865744   0.0000712361
       -0.0000401221  -0.0003091495  -0.0000976785   0.0001325535  -0.0003252649
       -0.0000763626  -0.0001299086   0.0001681402   0.0000501732  -0.0000013295
       -0.0012970814   0.0004998381   0.0000811932  -0.0530843816   0.0497824138
        0.0046570860  -0.0255828139  -0.0187283546  -0.0008963964   0.0008905528
        0.0015777778   0.0002844268  -0.0003443781   0.0000482031   0.0000141241
        0.0000818044   0.0001073868   0.0000976604  -0.0000054543   0.0022623446
        0.0001772311  -0.0032773371  -0.0051238795  -0.0006704039  -0.0238223238
        0.0091432817   0.0013310224   0.1014061568  -0.1129903593  -0.0076091608
        0.0271898212   0.6851755599   0.0471825877  -0.1661570105  -0.2125293750
       -0.0098271594  -0.0078970482  -0.0558613193  -0.0045758869  -0.0144657935
        0.0008177762   0.0007728189   0.0317819487  -0.0096041672  -0.0018438477
       -0.0006816333  -0.0066898040  -0.0011782456   0.0022335344  -0.0005420021
        0.0000147420  -0.0001150429  -0.0000066287   0.0000761390  -0.0000894385
       -0.0000137236  -0.0000741442   0.0000308520  -0.0000199508   0.0000003789
       -0.0015160228   0.0002271774   0.0000310239   0.0494148255  -0.2947000810
       -0.0231033599   0.0050140528   0.0052807515   0.0002126372   0.0011745286
       -0.0056577475  -0.0010759328  -0.0003004195   0.0007247598   0.0000618994
       -0.0000145064   0.0000775981  -0.0009728877   0.0000244456  -0.0000296650
       -0.0000539417  -0.0004663788  -0.0004021695   0.0039433827  -0.0003703331
        0.0009680971   0.0002941029   0.0137675234  -0.0063327538  -0.0532494139
       -0.0110534614   0.0471825877   0.1172758584  -0.0090846496  -0.0117142635
       -0.0458328215  -0.0017777758  -0.0031708637   0.0009800478   0.0001110543
        0.0006930942  -0.0039890622   0.0026347905  -0.0028051574   0.0026515091
        0.0002228424  -0.0011990827   0.0076804230   0.0001425060   0.0000798478
       -0.0015517144   0.0001745536  -0.0000243216  -0.0000065198  -0.0001763072
        0.0000277283   0.0000007811  -0.0000024813  -0.0000013516  -0.0000201692
       -0.0000852419  -0.0000237561   0.0003515122   0.0046253302  -0.0231012408
       -0.0356052061   0.0010951107   0.0008096456   0.0012747579   0.0002489670
       -0.0010925772   0.0068189896  -0.0000159882   0.0000586041   0.0000103719
       -0.0001043024  -0.0000926870  -0.0000162678   0.0009011494  -0.0042285605
       -0.0003485221  -0.0066676632   0.0029275326   0.0004204532   0.0011793684
        0.0043870932   0.0005308907  -0.0595087595  -0.0046218611   0.0010798966
       -0.2364800042  -0.1661570105  -0.0090846496   0.6801823718   0.0099230714
       -0.0133222780  -0.1036784037   0.0822538081   0.0082571074   0.0016538531
        0.0337798323   0.0028171426  -0.0035185343  -0.0154955717  -0.0013527812
        0.0013648467   0.0016160146   0.0000842513   0.0000859565  -0.0009988693
       -0.0000774200   0.0001288741   0.0000185466  -0.0000745641   0.0001320116
        0.0000178919   0.0000725531   0.0000227348   0.0000179071   0.0000017294
       -0.0003826812   0.0000510686  -0.0000146990   0.0038032620   0.0024557081
        0.0001283336  -0.2771581525   0.0737666889   0.0122577887   0.0031245235
       -0.0216962597  -0.0018776655  -0.0050804510   0.0020756565   0.0005187008
        0.0002123098  -0.0004585591  -0.0000409815   0.0003070259  -0.0077370000
       -0.0006914060  -0.0096580745   0.0069187003   0.0007654572   0.0167870387
        0.0048889539  -0.0005843615  -0.0577614729   0.0387209869   0.0047497294
       -0.0911968828  -0.2125293750  -0.0117142635   0.0099230714   0.6366905553
        0.0431586344   0.0025169213  -0.2968434798  -0.0207950192   0.0907449673
       -0.0119494662  -0.0034003246  -0.0250244940  -0.0470967479  -0.0028579929
        0.0070096462  -0.0008628302  -0.0002509636  -0.0010142656   0.0019622604
        0.0002146719   0.0002915996   0.0000964235  -0.0001211391   0.0002995732
        0.0000963077   0.0001273819  -0.0000760765  -0.0000105085  -0.0000038921
        0.0001604436  -0.0001217931   0.0000682285  -0.0206754973  -0.0224375837
       -0.0013939365   0.0737001180  -0.0671171710  -0.0045046348   0.0018175297
       -0.0224718183  -0.0020017573   0.0016365186   0.0002621447  -0.0007234307
        0.0000149136  -0.0000260685  -0.0001089082   0.0000143065  -0.0005750737
        0.0005870010  -0.0006100364   0.0004356215   0.0006038942   0.0015543085
       -0.0002946346   0.0071236870  -0.0033610297   0.0034198615  -0.0004325188
       -0.0028169322  -0.0098271594  -0.0458328215  -0.0133222780   0.0431586344
        0.1218307210   0.0015851028  -0.0228069217  -0.0509400056   0.0075907317
       -0.0019606337   0.0009968065  -0.0021491853  -0.0030909389  -0.0057679577
        0.0005529247  -0.0001021640  -0.0002258040  -0.0000936821   0.0002072540
       -0.0001216461   0.0000340058  -0.0000031189  -0.0000101496   0.0000086228
        0.0000178314   0.0000096767  -0.0000069341  -0.0000003102  -0.0000078153
       -0.0000046557   0.0000776635  -0.0010501032  -0.0018118489  -0.0019846421
        0.0004105697   0.0122481481  -0.0044995982  -0.0362173938   0.0000960543
       -0.0014065468   0.0007565083   0.0004774637  -0.0007390556   0.0083962593
       -0.0001508424  -0.0005544368  -0.0000584370  -0.0010357445  -0.0064981689
       -0.0005270034  -0.0044278110   0.0047285800   0.0005159373   0.0042026996
        0.0012052421  -0.0000203698  -0.0261687347   0.0272711304   0.0027944382
        0.0456729485  -0.0078970482  -0.0017777758  -0.1036784037   0.0025169213
        0.0015851028   0.6806808473   0.0140553104  -0.0130742268  -0.3275226622
        0.1139516086   0.0166224754  -0.0673941184  -0.0454027473  -0.0020445810
        0.0057677123  -0.0050495768  -0.0003709072  -0.0000124852   0.0021611345
        0.0001535365   0.0002529392   0.0000787553  -0.0001141383   0.0002539456
        0.0000553210   0.0001108772  -0.0001512811  -0.0000257797   0.0000033337
        0.0001318009  -0.0001108883  -0.0000108724  -0.0026701300  -0.0037954318
       -0.0000373856  -0.0084657838   0.0278781379   0.0025850966  -0.1878433448
       -0.1285280263  -0.0068876936  -0.0074415517   0.0039599623   0.0005525933
       -0.0004854271   0.0001618528   0.0000681475  -0.0006892423   0.0083271026
        0.0007296029   0.0069170923  -0.0061902195  -0.0007088656  -0.0086794926
       -0.0021765447   0.0000529461   0.0347006480  -0.0241362262  -0.0023826626
       -0.0637240936  -0.0558613193  -0.0031708637   0.0822538081  -0.2968434798
       -0.0228069217   0.0140553104   0.6360641584   0.0432707593   0.0376955154
       -0.1183962115  -0.0070023678   0.0084101852   0.0438730963   0.0032772035
       -0.0119498559  -0.0028090605  -0.0005792950   0.0017893624  -0.0018024312
       -0.0001089068  -0.0002251121  -0.0001003927   0.0000836185  -0.0002136271
       -0.0000960968  -0.0000901808   0.0000164417   0.0000541379   0.0000109650
        0.0001181763   0.0001834332   0.0000118070  -0.0031731723  -0.0015994779
       -0.0007725294   0.0043413591  -0.0105500350  -0.0011142510  -0.1283758368
       -0.1577763437  -0.0071131673   0.0272179608  -0.0103259423  -0.0016550382
       -0.0000492564   0.0000733691  -0.0005414296  -0.0000349819   0.0008771897
       -0.0000945070   0.0006990189  -0.0006558413   0.0001386979  -0.0008387041
       -0.0001849947  -0.0002828867   0.0034038119  -0.0021973032  -0.0064641827
       -0.0064519129  -0.0045758869   0.0009800478   0.0082571074  -0.0207950192
       -0.0509400056  -0.0130742268   0.0432707593   0.1185711378   0.0102469023
       -0.0089194007  -0.0470387866   0.0024568097   0.0046291070   0.0025522783
       -0.0009579359  -0.0007595529   0.0077067858   0.0001246693  -0.0001186418
       -0.0010295887   0.0000674332  -0.0000259294   0.0000028087  -0.0001167385
        0.0000072492  -0.0000105183   0.0000046010   0.0000074888  -0.0000296661
        0.0000072685   0.0000164916   0.0000249432   0.0000182429  -0.0007588563
        0.0085498736   0.0006150820  -0.0017143135   0.0013894760  -0.0068730426
       -0.0071047113  -0.0346138578   0.0024958520  -0.0010712034   0.0011293799
       -0.0015295103  -0.0007266358  -0.0000223332  -0.0053981373   0.0145503128
        0.0014830489   0.0052600628  -0.0084710163  -0.0008417035  -0.0032484015
        0.0029701497   0.0005082562   0.0411063541  -0.0517921565  -0.0053654543
       -0.0567152645  -0.0144657935   0.0001110543   0.0016538531   0.0907449673
        0.0075907317  -0.3275226622   0.0376955154   0.0102469023   0.6660551741
       -0.0313743235  -0.0164607389  -0.1919607434  -0.0827660822  -0.0033327881
       -0.0477678915  -0.0141471041  -0.0000138267   0.0028263180  -0.0072639104
       -0.0006779109  -0.0001763538  -0.0002179008  -0.0000072474  -0.0001790142
       -0.0002278020  -0.0000208732  -0.0003395387   0.0001125750   0.0000126756
        0.0000523033   0.0002655692  -0.0000188311  -0.0004785745  -0.0001052868
       -0.0000083746   0.0006165765   0.0015501856   0.0002859800  -0.0253751316
        0.0049432253   0.0010715269  -0.0568794184   0.0587255117   0.0054599058
        0.0003641880   0.0006698844   0.0000915940   0.0037818729   0.0052137808
       -0.0001289921   0.0026413096  -0.0030910525  -0.0002990257  -0.0015467187
       -0.0078490621  -0.0012250938  -0.0102288642  -0.0444824753  -0.0034588775
       -0.0114371702   0.0008177762   0.0006930942   0.0337798323  -0.0119494662
       -0.0019606337   0.1139516086  -0.1183962115  -0.0089194007  -0.0313743235
        0.6554532232   0.0458902027  -0.1337360665  -0.1952293533  -0.0088409503
       -0.0106253243   0.0099695879   0.0012131212   0.0033149207  -0.0036763875
       -0.0004234216  -0.0001225912  -0.0000210999  -0.0000006327  -0.0001158431
       -0.0000336101  -0.0000012752   0.0002872155   0.0000027222   0.0000037471
        0.0001359045   0.0001385929   0.0001504732  -0.0003926364   0.0007696612
        0.0000819426   0.0018070680  -0.0057491550  -0.0011172245  -0.0186498789
        0.0052009096   0.0008683896   0.0581654969  -0.2877582650  -0.0226170367
        0.0000610990   0.0001083219  -0.0004113991   0.0005970981  -0.0004055923
        0.0054131408   0.0000680623  -0.0000026782  -0.0002233581   0.0001337487
       -0.0013290384   0.0069710364  -0.0018860336  -0.0024211838  -0.0000816126
        0.0003732772   0.0007728189  -0.0039890622   0.0028171426  -0.0034003246
        0.0009968065   0.0166224754  -0.0070023678  -0.0470387866  -0.0164607389
        0.0458902027   0.1206592233  -0.0075989694  -0.0101298845  -0.0499093973
        0.0002755020   0.0013009985  -0.0011940691   0.0002165281  -0.0001545529
        0.0002801950   0.0000331931   0.0000288899   0.0000049381  -0.0000441891
       -0.0000217515   0.0000024706   0.0000293698   0.0000066330  -0.0001141647
       -0.0000308088   0.0001418728  -0.0016340031  -0.0000264721   0.0000853055
       -0.0002062205   0.0003132366  -0.0011087382   0.0069418544  -0.0009104586
        0.0002667136   0.0005619763   0.0054169375  -0.0226256445  -0.0370295680
        0.0002410409  -0.0050061357  -0.0002864124  -0.0461694620  -0.0336519563
       -0.0015849191  -0.0145782486   0.0183816527   0.0018622204   0.0175494159
       -0.0269134027  -0.0024833256  -0.1061000091   0.0571705670   0.0061015678
        0.0039953618   0.0317819487   0.0026347905  -0.0035185343  -0.0250244940
       -0.0021491853  -0.0673941184   0.0084101852   0.0024568097  -0.1919607434
       -0.1337360665  -0.0075989694   0.6199995000   0.0235730280  -0.0106356161
       -0.1825835159   0.0472255044   0.0069607293  -0.0249833238   0.0329704922
        0.0037771993   0.0009889180   0.0004054450  -0.0003380729   0.0010596915
        0.0003421135   0.0003523945  -0.0015501301   0.0000976260   0.0000487040
        0.0004120053   0.0001580927   0.0000007643  -0.0054440084   0.0020253896
        0.0004874748   0.0007625890  -0.0007009171  -0.0000888521  -0.0054246486
        0.0017466898   0.0004980649   0.0046982202   0.0007442374  -0.0000153665
       -0.0033744691  -0.0031147145  -0.0006540775  -0.0197427710   0.0097777948
        0.0011183547   0.0134224916  -0.0061319736  -0.0007347092  -0.0357906166
       -0.0498882431  -0.0039210150   0.0282808857  -0.2581501270  -0.0178528587
        0.0698982732  -0.0096041672  -0.0028051574  -0.0154955717  -0.0470967479
       -0.0030909389  -0.0454027473   0.0438730963   0.0046291070  -0.0827660822
       -0.1952293533  -0.0101298845   0.0235730280   0.6517668206   0.0439562917
        0.0357871129  -0.0736133082  -0.0018114989   0.0499581739  -0.0382541918
       -0.0057148021   0.0001359492  -0.0003644583   0.0000120567  -0.0000472515
       -0.0003337766  -0.0000720706  -0.0013485279   0.0002426917   0.0000309931
        0.0005930205   0.0004426231   0.0000169063   0.0013863857   0.0002115326
       -0.0005840355  -0.0005021939  -0.0004112830   0.0000077695   0.0022518324
        0.0005195533  -0.0007424184  -0.0208169219  -0.0246417677  -0.0016580123
       -0.0001457621  -0.0006100209   0.0056345090  -0.0004214474   0.0014706309
        0.0026543026   0.0014566770  -0.0008621153  -0.0015591594  -0.0032370156
       -0.0041535048   0.0076306434   0.0036955707  -0.0185732144  -0.0550582545
        0.0058217495  -0.0018438477   0.0026515091  -0.0013527812  -0.0028579929
       -0.0057679577  -0.0020445810   0.0032772035   0.0025522783  -0.0033327881
       -0.0088409503  -0.0499093973  -0.0106356161   0.0439562917   0.1232209405
        0.0060060746  -0.0021077046  -0.0631803483   0.0051849042  -0.0052829956
        0.0145018652  -0.0010998201  -0.0000077023   0.0000550232   0.0010567374
       -0.0000729116  -0.0000297278  -0.0000678799  -0.0000007691   0.0002262575
        0.0000398642   0.0000337233   0.0000034851   0.0004269479  -0.0006113513
        0.0068326220  -0.0000706485   0.0000176181  -0.0003886899   0.0005426719
       -0.0007271418   0.0086147292  -0.0018228573  -0.0022032451   0.0013153697
       -0.0316904011  -0.0175390420  -0.0006654421  -0.1482071877  -0.0204279501
        0.0007874689   0.0423815428  -0.0454166653  -0.0050111087  -0.0365641362
       -0.0018977885   0.0007097702   0.0085509233   0.0370168042   0.0028420807
       -0.0034257466  -0.0006816333   0.0002228424   0.0013648467   0.0070096462
        0.0005529247   0.0057677123  -0.0119498559  -0.0009579359  -0.0477678915
       -0.0106253243   0.0002755020  -0.1825835159   0.0357871129   0.0060060746
        0.5393356003  -0.1646960953  -0.0232345553  -0.1383713384   0.1884579680
        0.0177798904  -0.0016573863  -0.0011872198   0.0007489445  -0.0017543008
       -0.0010105084  -0.0008281440  -0.0059745097   0.0013951167   0.0002902583
       -0.0000434082   0.0050727692   0.0005480864   0.0004560271  -0.0005487170
       -0.0000610929   0.0002748794  -0.0000694155  -0.0000502268  -0.0001626524
        0.0003725137   0.0000402468   0.0000709429   0.0009382845   0.0000044160
       -0.0011923089   0.0062732830   0.0005542233  -0.0652143584  -0.1215133320
       -0.0043869676  -0.0044837470  -0.0424541784  -0.0030417239  -0.0087619787
        0.0074979623   0.0010763841   0.0297264402  -0.0112257131  -0.0015401329
       -0.0003198775  -0.0066898040  -0.0011990827   0.0016160146  -0.0008628302
       -0.0001021640  -0.0050495768  -0.0028090605  -0.0007595529  -0.0141471041
        0.0099695879   0.0013009985   0.0472255044  -0.0736133082  -0.0021077046
       -0.1646960953   0.8127815315   0.0584498528   0.1777652814  -0.5738125259
       -0.0475671099   0.0031891928   0.0016725924  -0.0022183308   0.0035000406
        0.0012759428   0.0022190661   0.0033264568  -0.0019566437  -0.0003302690
        0.0012075908  -0.0015854310  -0.0005654406   0.0013060413  -0.0007609547
       -0.0000698644  -0.0002679201  -0.0003308874   0.0001191896  -0.0014948884
       -0.0000697357   0.0000005743  -0.0032347078  -0.0017864952   0.0001680546
        0.0007017009   0.0009590905   0.0001582004  -0.0029771472  -0.0055059610
       -0.0498139721  -0.0015357570  -0.0019995010  -0.0051276435   0.0001203820
        0.0008897560  -0.0023907401   0.0022319450  -0.0017525623  -0.0017378484
        0.0002511878  -0.0011782456   0.0076804230   0.0000842513  -0.0002509636
       -0.0002258040  -0.0003709072  -0.0005792950   0.0077067858  -0.0000138267
        0.0012131212  -0.0011940691   0.0069607293  -0.0018114989  -0.0631803483
       -0.0232345553   0.0584498528   0.1693743238   0.0168776603  -0.0478344743
       -0.0632689405   0.0015534300   0.0000345470   0.0002224910  -0.0008854454
        0.0001896742   0.0007054973   0.0004481397  -0.0002655956   0.0007488520
        0.0002162900  -0.0006686080   0.0047552869   0.0000930455  -0.0000316545
       -0.0002801096  -0.0000724862   0.0001345814  -0.0018856436  -0.0001081842
       -0.0000463449   0.0004118828  -0.0003404527   0.0000540815  -0.0026586238
        0.0008139104  -0.0039304244  -0.0004015822   0.0141764602  -0.0294929807
       -0.0024449631  -0.0101429798   0.0049258105   0.0008008149   0.0075575520
        0.0001289132  -0.0002259491  -0.0107533848  -0.0035543291   0.0000666411
        0.0002865744   0.0022335344   0.0001425060   0.0000859565  -0.0010142656
       -0.0000936821  -0.0000124852   0.0017893624   0.0001246693   0.0028263180
        0.0033149207   0.0002165281  -0.0249833238   0.0499581739   0.0051849042
       -0.1383713384   0.1777652814   0.0168776603   0.1544541796  -0.2010655205
       -0.0200478029   0.0011842173   0.0006566950  -0.0012266253   0.0012621208
        0.0004560334   0.0012474889   0.0015948352  -0.0010628419  -0.0001319338
        0.0005059474  -0.0015884690  -0.0001570451  -0.0007085271   0.0003521812
        0.0000552851  -0.0001196921   0.0000512438   0.0000088849  -0.0000300560
       -0.0000876905  -0.0000064263   0.0003737157   0.0001643720   0.0000106270
        0.0010410742   0.0006330803   0.0001979562  -0.0125856452  -0.0972309648
       -0.0090923336  -0.0070433029  -0.0057391773  -0.0007347190  -0.0030182795
       -0.0019116246   0.0000684910   0.0053073697   0.0054806854   0.0000143089
        0.0000712361  -0.0005420021   0.0000798478  -0.0009988693   0.0019622604
        0.0002072540   0.0021611345  -0.0018024312  -0.0001186418  -0.0072639104
       -0.0036763875  -0.0001545529   0.0329704922  -0.0382541918  -0.0052829956
        0.1884579680  -0.5738125259  -0.0478344743  -0.2010655205   0.7168475773
        0.0628354572  -0.0009160239  -0.0008032571   0.0011700345  -0.0010292079
       -0.0006364542  -0.0012043953   0.0014692040   0.0008527391   0.0000453035
        0.0003965806  -0.0036752749  -0.0002828953   0.0003652505  -0.0000288778
       -0.0000365829   0.0001526643   0.0002403279   0.0000048532   0.0001930415
        0.0002304044   0.0000147477   0.0013347440   0.0018660944   0.0001033366
        0.0000150840   0.0003177592  -0.0019768899  -0.0010274139  -0.0086848715
        0.0143852347  -0.0002321333  -0.0010229114   0.0051721255  -0.0004900156
       -0.0000077394  -0.0019664599   0.0008081981   0.0002603242   0.0036308255
       -0.0000401221   0.0000147420  -0.0015517144  -0.0000774200   0.0002146719
       -0.0001216461   0.0001535365  -0.0001089068  -0.0010295887  -0.0006779109
       -0.0004234216   0.0002801950   0.0037771993  -0.0057148021   0.0145018652
        0.0177798904  -0.0475671099  -0.0632689405  -0.0200478029   0.0628354572
        0.0322196984  -0.0004597962  -0.0002639369  -0.0001406234   0.0002236572
        0.0001599931  -0.0003817704   0.0000846181   0.0000985711   0.0000122372
        0.0000159227  -0.0002335797  -0.0003970578   0.0000544036  -0.0000293760
        0.0002535699   0.0000190890  -0.0000066361   0.0002931970   0.0000149627
        0.0000197261  -0.0000204277   0.0001060531   0.0001420466   0.0001061705
       -0.0443382409   0.0145868601   0.0288042194  -0.0182488271   0.0206491127
        0.0264220215  -0.0023393714  -0.0022168258   0.0030099857  -0.0022594691
        0.0015559313  -0.0014629231   0.0009157840   0.0005142861   0.0003229278
       -0.0003091495  -0.0001150429   0.0001745536   0.0001288741   0.0002915996
        0.0000340058   0.0002529392  -0.0002251121   0.0000674332  -0.0001763538
       -0.0001225912   0.0000331931   0.0009889180   0.0001359492  -0.0010998201
       -0.0016573863   0.0031891928   0.0015534300   0.0011842173  -0.0009160239
       -0.0004597962   0.0606207345  -0.0259240996  -0.0391621916   0.0025334466
       -0.0024664717  -0.0039250186   0.0028000624  -0.0085140964  -0.0142872503
       -0.0000961240  -0.0003644832   0.0000594298   0.0000253808  -0.0000255067
        0.0000163100  -0.0000037902  -0.0000044541  -0.0000321179   0.0000174498
       -0.0000077492  -0.0000281163  -0.0000390943  -0.0000204751  -0.0000402760
        0.0151727777  -0.0969037018  -0.0971015576   0.0099888060  -0.0066519824
       -0.0078989884   0.0019285011  -0.0000061973  -0.0014528974   0.0000270807
       -0.0005409318   0.0006566436   0.0001579819   0.0001780845  -0.0000122620
       -0.0000976785  -0.0000066287  -0.0000243216   0.0000185466   0.0000964235
       -0.0000031189   0.0000787553  -0.0001003927  -0.0000259294  -0.0002179008
       -0.0000210999   0.0000288899   0.0004054450  -0.0003644583  -0.0000077023
       -0.0011872198   0.0016725924   0.0000345470   0.0006566950  -0.0008032571
       -0.0002639369  -0.0259240996   0.1099198970   0.1141623331  -0.0022896889
        0.0083114301   0.0164498445   0.0013173296  -0.0150995305  -0.0244465933
       -0.0000239003   0.0003145992  -0.0001113515  -0.0000008879  -0.0000028074
       -0.0000022607   0.0000072583  -0.0000006332   0.0000086706  -0.0000026749
        0.0000043519  -0.0000014752  -0.0000151264   0.0000042424   0.0000114663
        0.0295587487  -0.0975616967  -0.2175530128   0.0094785322  -0.0037941255
        0.0009487746  -0.0002796644   0.0010309778  -0.0007126477   0.0004777954
        0.0000789898   0.0002418446  -0.0004173510  -0.0002368752  -0.0000750480
        0.0001325535   0.0000761390  -0.0000065198  -0.0000745641  -0.0001211391
       -0.0000101496  -0.0001141383   0.0000836185   0.0000028087  -0.0000072474
       -0.0000006327   0.0000049381  -0.0003380729   0.0000120567   0.0000550232
        0.0007489445  -0.0022183308   0.0002224910  -0.0012266253   0.0011700345
       -0.0001406234  -0.0391621916   0.1141623331   0.2489765025   0.0019270605
       -0.0100505210  -0.0289493542  -0.0007939178  -0.0029423030  -0.0029844177
        0.0000501284   0.0002627919  -0.0000247354  -0.0000034901   0.0000019105
       -0.0000058632   0.0000098336   0.0000053457   0.0000017398  -0.0000012802
        0.0000108534   0.0000012818   0.0000349464   0.0000305730   0.0000069676
       -0.0475184230   0.0250943364  -0.0331902313  -0.0198630727   0.0247930036
       -0.0215252138  -0.0024683767  -0.0017476863  -0.0032525752  -0.0021979797
        0.0012752493   0.0018188161   0.0009183714   0.0005765396  -0.0002797178
       -0.0003252649  -0.0000894385  -0.0001763072   0.0001320116   0.0002995732
        0.0000086228   0.0002539456  -0.0002136271  -0.0001167385  -0.0001790142
       -0.0001158431  -0.0000441891   0.0010596915  -0.0000472515   0.0010567374
       -0.0017543008   0.0035000406  -0.0008854454   0.0012621208  -0.0010292079
        0.0002236572   0.0025334466  -0.0022896889   0.0019270605   0.0647342507
       -0.0389207665   0.0420131534   0.0035132796  -0.0106511626   0.0124662172
       -0.0001027207  -0.0003603352  -0.0001163846   0.0000246779  -0.0000223222
       -0.0000213814  -0.0000027158  -0.0000099550   0.0000315503   0.0000187091
       -0.0000128572   0.0000252323  -0.0000386363  -0.0000286005   0.0000371372
        0.0257526877  -0.1319339778   0.1102194485   0.0116638757  -0.0081437203
        0.0056690029   0.0019493528  -0.0001654950   0.0014412301   0.0000467579
       -0.0003921809  -0.0007613997   0.0000815183   0.0001494742   0.0000417780
       -0.0000763626  -0.0000137236   0.0000277283   0.0000178919   0.0000963077
        0.0000178314   0.0000553210  -0.0000960968   0.0000072492  -0.0002278020
       -0.0000336101  -0.0000217515   0.0003421135  -0.0003337766  -0.0000729116
       -0.0010105084   0.0012759428   0.0001896742   0.0004560334  -0.0006364542
        0.0001599931  -0.0024664717   0.0083114301  -0.0100505210  -0.0389207665
        0.1508458013  -0.1286980206   0.0023460471  -0.0192796422   0.0216715742
       -0.0000063726   0.0003342985   0.0001724602  -0.0000024588  -0.0000018439
        0.0000021838   0.0000069773  -0.0000016158  -0.0000097646   0.0000010934
        0.0000047990   0.0000026844  -0.0000089274   0.0000140836  -0.0000084694
       -0.0338390415   0.1107172968  -0.1793410823  -0.0065679773   0.0009510143
        0.0041189910   0.0006792241  -0.0008255222  -0.0004911299  -0.0003503104
       -0.0002621755   0.0000335132   0.0003942625   0.0002527798  -0.0000341382
       -0.0001299086  -0.0000741442   0.0000007811   0.0000725531   0.0001273819
        0.0000096767   0.0001108772  -0.0000901808  -0.0000105183  -0.0000208732
       -0.0000012752   0.0000024706   0.0003523945  -0.0000720706  -0.0000297278
       -0.0008281440   0.0022190661   0.0007054973   0.0012474889  -0.0012043953
       -0.0003817704  -0.0039250186   0.0164498445  -0.0289493542   0.0420131534
       -0.1286980206   0.2039149454   0.0008823240   0.0007399878   0.0004931152
       -0.0000480880  -0.0001861597  -0.0000326650   0.0000014389   0.0000001605
       -0.0000043651  -0.0000092015  -0.0000056251  -0.0000013430   0.0000004634
       -0.0000095365  -0.0000018178  -0.0000356170  -0.0000284262  -0.0000010786
       -0.1141371765  -0.1091978950  -0.0073471954  -0.0282628097  -0.0263811006
       -0.0014916322  -0.0012839058  -0.0016616758  -0.0000962221   0.0016769916
       -0.0009329930  -0.0001263291  -0.0000840802  -0.0001624361  -0.0000075421
        0.0001681402   0.0000308520  -0.0000024813   0.0000227348  -0.0000760765
       -0.0000069341  -0.0001512811   0.0000164417   0.0000046010  -0.0003395387
        0.0002872155   0.0000293698  -0.0015501301  -0.0013485279  -0.0000678799
       -0.0059745097   0.0033264568   0.0004481397   0.0015948352   0.0014692040
        0.0000846181   0.0028000624   0.0013173296  -0.0007939178   0.0035132796
        0.0023460471   0.0008823240   0.1425121989   0.1293200950   0.0083372357
       -0.0004535999   0.0015399161   0.0001435217  -0.0000286039   0.0000229237
        0.0000026437  -0.0000037912   0.0000116546   0.0000017088  -0.0000535304
        0.0000063680   0.0000025892   0.0000347144   0.0000662007   0.0000033822
       -0.1141255404  -0.2107284431  -0.0111345455  -0.0001223428   0.0045100048
        0.0003559686   0.0034442640   0.0011540025  -0.0000266143  -0.0004687362
        0.0004731194   0.0000727760   0.0000549162  -0.0001158562  -0.0000217665
        0.0000501732  -0.0000199508  -0.0000013516   0.0000179071  -0.0000105085
       -0.0000003102  -0.0000257797   0.0000541379   0.0000074888   0.0001125750
        0.0000027222   0.0000066330   0.0000976260   0.0002426917  -0.0000007691
        0.0013951167  -0.0019566437  -0.0002655956  -0.0010628419   0.0008527391
        0.0000985711  -0.0085140964  -0.0150995305  -0.0029423030  -0.0106511626
       -0.0192796422   0.0007399878   0.1293200950   0.2402922067   0.0131662767
        0.0005029912  -0.0004109247  -0.0000553841  -0.0000156290   0.0000270493
        0.0000024130  -0.0000223639   0.0000045550   0.0000012808  -0.0000143550
       -0.0000053761  -0.0000022010   0.0000271835   0.0000136470  -0.0000005548
       -0.0077609645  -0.0112618951  -0.0439877716   0.0007154964   0.0010157931
        0.0003177747   0.0003327745   0.0001078278   0.0004495833  -0.0000894095
        0.0000880522  -0.0002409086   0.0000062197  -0.0000139294   0.0001282126
       -0.0000013295   0.0000003789  -0.0000201692   0.0000017294  -0.0000038921
       -0.0000078153   0.0000033337   0.0000109650  -0.0000296661   0.0000126756
        0.0000037471  -0.0001141647   0.0000487040   0.0000309931   0.0002262575
        0.0002902583  -0.0003302690   0.0007488520  -0.0001319338   0.0000453035
        0.0000122372  -0.0142872503  -0.0244465933  -0.0029844177   0.0124662172
        0.0216715742   0.0004931152   0.0083372357   0.0131662767   0.0448772498
        0.0000551929  -0.0000826972   0.0000978572   0.0000004499   0.0000017149
        0.0000049106  -0.0000020436   0.0000006122   0.0000055472   0.0000001720
       -0.0000032500   0.0000239028   0.0000024720  -0.0000007126  -0.0000005868
        0.0015796127   0.0029998610   0.0001789014   0.0010047294  -0.0019017662
       -0.0000787732  -0.1626444957  -0.1211335359  -0.0069416878  -0.0355915450
       -0.0176799837  -0.0006885983  -0.0057987625   0.0015921708   0.0005699760
       -0.0012970814  -0.0015160228  -0.0000852419  -0.0003826812   0.0001604436
       -0.0000046557   0.0001318009   0.0001181763   0.0000072685   0.0000523033
        0.0001359045  -0.0000308088   0.0004120053   0.0005930205   0.0000398642
       -0.0000434082   0.0012075908   0.0002162900   0.0005059474   0.0003965806
        0.0000159227  -0.0000961240  -0.0000239003   0.0000501284  -0.0001027207
       -0.0000063726  -0.0000480880  -0.0004535999   0.0005029912   0.0000551929
        0.2028362356   0.1348149455   0.0067452484   0.0001013864  -0.0001236960
       -0.0000046207  -0.0001603591  -0.0000882534  -0.0000037634  -0.0000463117
       -0.0000345910   0.0000075650  -0.0000069318  -0.0000135628  -0.0000001198
       -0.0016979455   0.0001925719   0.0001699008  -0.0203759124  -0.0339768451
       -0.0026858209  -0.1227523112  -0.1548441165  -0.0068730091   0.0033561261
        0.0067884864   0.0008363797   0.0014723428   0.0006886836  -0.0009466762
        0.0004998381   0.0002271774  -0.0000237561   0.0000510686  -0.0001217931
        0.0000776635  -0.0001108883   0.0001834332   0.0000164916   0.0002655692
        0.0001385929   0.0001418728   0.0001580927   0.0004426231   0.0000337233
        0.0050727692  -0.0015854310  -0.0006686080  -0.0015884690  -0.0036752749
       -0.0002335797  -0.0003644832   0.0003145992   0.0002627919  -0.0003603352
        0.0003342985  -0.0001861597   0.0015399161  -0.0004109247  -0.0000826972
        0.1348149455   0.1851485685   0.0102043482  -0.0000538503   0.0000579250
       -0.0000143192   0.0000136922   0.0000191979   0.0000025493  -0.0000140064
       -0.0000005808  -0.0000323808   0.0000738411   0.0000788087   0.0000012857
       -0.0002154396   0.0000455320  -0.0012613288  -0.0016273489  -0.0031348081
        0.0040169220  -0.0070663915  -0.0069322609  -0.0362095640   0.0010707604
        0.0013740279  -0.0041303875   0.0005566864  -0.0009576104   0.0114795900
        0.0000811932   0.0000310239   0.0003515122  -0.0000146990   0.0000682285
       -0.0010501032  -0.0000108724   0.0000118070   0.0000249432  -0.0000188311
        0.0001504732  -0.0016340031   0.0000007643   0.0000169063   0.0000034851
        0.0005480864  -0.0005654406   0.0047552869  -0.0001570451  -0.0002828953
       -0.0003970578   0.0000594298  -0.0001113515  -0.0000247354  -0.0001163846
        0.0001724602  -0.0000326650   0.0001435217  -0.0000553841   0.0000978572
        0.0067452484   0.0102043482   0.0233490367  -0.0000005365  -0.0000127259
        0.0002440513   0.0000051481   0.0000050958  -0.0000044241   0.0000096147
       -0.0000321274   0.0003960080   0.0000070953   0.0000047012   0.0000255762
       -0.0000056179  -0.0000863775  -0.0000092926   0.0002612000  -0.0006625402
       -0.0000667207  -0.0003037820   0.0009541077   0.0000883833   0.0025481693
       -0.0006845788  -0.0001939776  -0.0066122096   0.0291850572   0.0026537425
       -0.0530843816   0.0494148255   0.0046253302   0.0038032620  -0.0206754973
       -0.0018118489  -0.0026701300  -0.0031731723   0.0000182429  -0.0004785745
       -0.0003926364  -0.0000264721  -0.0054440084   0.0013863857   0.0004269479
        0.0004560271   0.0013060413   0.0000930455  -0.0007085271   0.0003652505
        0.0000544036   0.0000253808  -0.0000008879  -0.0000034901   0.0000246779
       -0.0000024588   0.0000014389  -0.0000286039  -0.0000156290   0.0000004499
        0.0001013864  -0.0000538503  -0.0000005365   0.0610967115  -0.0548929876
       -0.0055366097   0.0009001139  -0.0008598282  -0.0001681032   0.0001242941
       -0.0010852832  -0.0000941738  -0.0000053881  -0.0000259405  -0.0000507596
       -0.0000224214   0.0000607050   0.0000086189  -0.0001239218   0.0005700094
        0.0000673682   0.0000411363  -0.0006010779  -0.0000542123  -0.0010052157
        0.0011750231   0.0003610799   0.0050715009  -0.0127599532  -0.0013490240
        0.0497824138  -0.2947000810  -0.0231012408   0.0024557081  -0.0224375837
       -0.0019846421  -0.0037954318  -0.0015994779  -0.0007588563  -0.0001052868
        0.0007696612   0.0000853055   0.0020253896   0.0002115326  -0.0006113513
       -0.0005487170  -0.0007609547  -0.0000316545   0.0003521812  -0.0000288778
       -0.0000293760  -0.0000255067  -0.0000028074   0.0000019105  -0.0000223222
       -0.0000018439   0.0000001605   0.0000229237   0.0000270493   0.0000017149
       -0.0001236960   0.0000579250  -0.0000127259  -0.0548929876   0.3300487155
        0.0270221044   0.0006549616   0.0008635971   0.0003044148   0.0002635286
       -0.0009922803  -0.0000904796  -0.0000042368   0.0001007194   0.0001708852
       -0.0000027460   0.0000106597  -0.0000579349  -0.0000206070   0.0000644622
       -0.0001607014  -0.0000067598  -0.0000593833   0.0000089104  -0.0002169265
        0.0003411752  -0.0027808795   0.0006415398  -0.0019448169   0.0016406952
        0.0046570860  -0.0231033599  -0.0356052061   0.0001283336  -0.0013939365
        0.0004105697  -0.0000373856  -0.0007725294   0.0085498736  -0.0000083746
        0.0000819426  -0.0002062205   0.0004874748  -0.0005840355   0.0068326220
       -0.0000610929  -0.0000698644  -0.0002801096   0.0000552851  -0.0000365829
        0.0002535699   0.0000163100  -0.0000022607  -0.0000058632  -0.0000213814
        0.0000021838  -0.0000043651   0.0000026437   0.0000024130   0.0000049106
       -0.0000046207  -0.0000143192   0.0002440513  -0.0055366097   0.0270221044
        0.0260127460  -0.0000441049   0.0003419707  -0.0029489975   0.0000200896
       -0.0000569937  -0.0000062955  -0.0000481535   0.0001711707  -0.0019013753
        0.0000206639   0.0000041107   0.0000064964   0.0000492497   0.0001654636
        0.0000133465  -0.0000921616  -0.0002293720  -0.0000301560  -0.0013190070
        0.0003835257   0.0000647046  -0.0021555486  -0.0036099341  -0.0000122427
       -0.0255828139   0.0050140528   0.0010951107  -0.2771581525   0.0737001180
        0.0122481481  -0.0084657838   0.0043413591   0.0006150820   0.0006165765
        0.0018070680   0.0003132366   0.0007625890  -0.0005021939  -0.0000706485
        0.0002748794  -0.0002679201  -0.0000724862  -0.0001196921   0.0001526643
        0.0000190890  -0.0000037902   0.0000072583   0.0000098336  -0.0000027158
        0.0000069773  -0.0000092015  -0.0000037912  -0.0000223639  -0.0000020436
       -0.0001603591   0.0000136922   0.0000051481   0.0009001139   0.0006549616
       -0.0000441049   0.3118798388  -0.0809241013  -0.0140146795   0.0009564917
       -0.0007410141  -0.0001402841  -0.0003965871   0.0000456477   0.0000056512
       -0.0000134257   0.0000241537  -0.0000148833   0.0001116028   0.0000124568
       -0.0000096289  -0.0003005816  -0.0000961013   0.0000471449  -0.0009275749
        0.0003171938   0.0000419861  -0.0029741485  -0.0020882731  -0.0008758534
       -0.0187283546   0.0052807515   0.0008096456   0.0737666889  -0.0671171710
       -0.0044995982   0.0278781379  -0.0105500350  -0.0017143135   0.0015501856
       -0.0057491550  -0.0011087382  -0.0007009171  -0.0004112830   0.0000176181
       -0.0000694155  -0.0003308874   0.0001345814   0.0000512438   0.0002403279
       -0.0000066361  -0.0000044541  -0.0000006332   0.0000053457  -0.0000099550
       -0.0000016158  -0.0000056251   0.0000116546   0.0000045550   0.0000006122
       -0.0000882534   0.0000191979   0.0000050958  -0.0008598282   0.0008635971
        0.0003419707  -0.0809241013   0.0794265846   0.0066646943   0.0008668977
        0.0006573209   0.0002195796   0.0013645986  -0.0005009844  -0.0000529977
        0.0000008563  -0.0000159561   0.0002075699   0.0000098972   0.0000027624
        0.0000659562  -0.0000330268   0.0000345354  -0.0005479418  -0.0000401814
        0.0000166743   0.0000495313   0.0000357112  -0.0008578207   0.0092206669
       -0.0008963964   0.0002126372   0.0012747579   0.0122577887  -0.0045046348
       -0.0362173938   0.0025850966  -0.0011142510   0.0013894760   0.0002859800
       -0.0011172245   0.0069418544  -0.0000888521   0.0000077695  -0.0003886899
       -0.0000502268   0.0001191896  -0.0018856436   0.0000088849   0.0000048532
        0.0002931970  -0.0000321179   0.0000086706   0.0000017398   0.0000315503
       -0.0000097646  -0.0000013430   0.0000017088   0.0000012808   0.0000055472
       -0.0000037634   0.0000025493  -0.0000044241  -0.0001681032   0.0003044148
       -0.0029489975  -0.0140146795   0.0066646943   0.0250363151  -0.0000084384
        0.0002582562  -0.0022046127   0.0001183117  -0.0000186357  -0.0002875652
       -0.0000867559  -0.0001363524  -0.0000050704  -0.0006318631   0.0000077093
       -0.0000067458   0.0001010797   0.0002811130   0.0000194216   0.0001675195
        0.0000392549  -0.0000442518   0.0000615895   0.0008620634   0.0000738588
        0.0008905528   0.0011745286   0.0002489670   0.0031245235   0.0018175297
        0.0000960543  -0.1878433448  -0.1283758368  -0.0068730426  -0.0253751316
       -0.0186498789  -0.0009104586  -0.0054246486   0.0022518324   0.0005426719
       -0.0001626524  -0.0014948884  -0.0001081842  -0.0000300560   0.0001930415
        0.0000149627   0.0000174498  -0.0000026749  -0.0000012802   0.0000187091
        0.0000010934   0.0000004634  -0.0000535304  -0.0000143550   0.0000001720
       -0.0000463117  -0.0000140064   0.0000096147   0.0001242941   0.0002635286
        0.0000200896   0.0009564917   0.0008668977  -0.0000084384   0.2133693497
        0.1416354997   0.0070808730   0.0008227353  -0.0007060995  -0.0001496769
        0.0000573305   0.0000279859  -0.0000126828   0.0000858481   0.0001571837
        0.0000902367   0.0002395987  -0.0001004500  -0.0000093808  -0.0000427372
        0.0001510897   0.0001650462   0.0007673950   0.0000181949  -0.0000328965
        0.0015777778  -0.0056577475  -0.0010925772  -0.0216962597  -0.0224718183
       -0.0014065468  -0.1285280263  -0.1577763437  -0.0071047113   0.0049432253
        0.0052009096   0.0002667136   0.0017466898   0.0005195533  -0.0007271418
        0.0003725137  -0.0000697357  -0.0000463449  -0.0000876905   0.0002304044
        0.0000197261  -0.0000077492   0.0000043519   0.0000108534  -0.0000128572
        0.0000047990  -0.0000095365   0.0000063680  -0.0000053761  -0.0000032500
       -0.0000345910  -0.0000005808  -0.0000321274  -0.0010852832  -0.0009922803
       -0.0000569937  -0.0007410141   0.0006573209   0.0002582562   0.1416354997
        0.1792366578   0.0094386424   0.0008039617   0.0008658812   0.0002847152
        0.0000113427  -0.0000085219   0.0001821666  -0.0000031056   0.0001034081
       -0.0009660603   0.0000263273  -0.0000242661  -0.0000450161  -0.0000557441
        0.0001697829  -0.0018069602   0.0000692404  -0.0000476872   0.0002013168
        0.0002844268  -0.0010759328   0.0068189896  -0.0018776655  -0.0020017573
        0.0007565083  -0.0068876936  -0.0071131673  -0.0346138578   0.0010715269
        0.0008683896   0.0005619763   0.0004980649  -0.0007424184   0.0086147292
        0.0000402468   0.0000005743   0.0004118828  -0.0000064263   0.0000147477
       -0.0000204277  -0.0000281163  -0.0000014752   0.0000012818   0.0000252323
        0.0000026844  -0.0000018178   0.0000025892  -0.0000022010   0.0000239028
        0.0000075650  -0.0000323808   0.0003960080  -0.0000941738  -0.0000904796
       -0.0000062955  -0.0001402841   0.0002195796  -0.0022046127   0.0070808730
        0.0094386424   0.0244578365  -0.0000242262   0.0003224788  -0.0027615506
        0.0000394033   0.0000662719   0.0000095787   0.0008098838   0.0012671395
        0.0000793267   0.0005274882  -0.0002134145  -0.0000328933  -0.0004703331
       -0.0017540384  -0.0001317396  -0.0031026184  -0.0021376698   0.0000773040
       -0.0003443781  -0.0003004195  -0.0000159882  -0.0050804510   0.0016365186
        0.0004774637  -0.0074415517   0.0272179608   0.0024958520  -0.0568794184
        0.0581654969   0.0054169375   0.0046982202  -0.0208169219  -0.0018228573
        0.0000709429  -0.0032347078  -0.0003404527   0.0003737157   0.0013347440
        0.0001060531  -0.0000390943  -0.0000151264   0.0000349464  -0.0000386363
       -0.0000089274  -0.0000356170   0.0000347144   0.0000271835   0.0000024720
       -0.0000069318   0.0000738411   0.0000070953  -0.0000053881  -0.0000042368
       -0.0000481535  -0.0003965871   0.0013645986   0.0001183117   0.0008227353
        0.0008039617  -0.0000242262   0.0664282846  -0.0634722542  -0.0063734134
        0.0001131917   0.0001062529  -0.0000133333   0.0005213408   0.0004315897
        0.0000477590   0.0005157886  -0.0001494173  -0.0000221287  -0.0003081587
       -0.0018113012  -0.0001557797  -0.0033433060  -0.0007770907  -0.0005763639
        0.0000482031   0.0007247598   0.0000586041   0.0020756565   0.0002621447
       -0.0007390556   0.0039599623  -0.0103259423  -0.0010712034   0.0587255117
       -0.2877582650  -0.0226256445   0.0007442374  -0.0246417677  -0.0022032451
        0.0009382845  -0.0017864952   0.0000540815   0.0001643720   0.0018660944
        0.0001420466  -0.0000204751   0.0000042424   0.0000305730  -0.0000286005
        0.0000140836  -0.0000284262   0.0000662007   0.0000136470  -0.0000007126
       -0.0000135628   0.0000788087   0.0000047012  -0.0000259405   0.0001007194
        0.0001711707   0.0000456477  -0.0005009844  -0.0000186357  -0.0007060995
        0.0008658812   0.0003224788  -0.0634722542   0.3232830401   0.0266231139
        0.0000187218  -0.0000126983   0.0002273355   0.0000190208   0.0000110608
       -0.0002751864   0.0000193147   0.0000168072  -0.0000643285  -0.0000096331
       -0.0001263696   0.0001472501  -0.0000243497  -0.0005980173   0.0070518788
        0.0000141241   0.0000618994   0.0000103719   0.0005187008  -0.0007234307
        0.0083962593   0.0005525933  -0.0016550382   0.0011293799   0.0054599058
       -0.0226170367  -0.0370295680  -0.0000153665  -0.0016580123   0.0013153697
        0.0000044160   0.0001680546  -0.0026586238   0.0000106270   0.0001033366
        0.0001061705  -0.0000402760   0.0000114663   0.0000069676   0.0000371372
       -0.0000084694  -0.0000010786   0.0000033822  -0.0000005548  -0.0000005868
       -0.0000001198   0.0000012857   0.0000255762  -0.0000507596   0.0001708852
       -0.0019013753   0.0000056512  -0.0000529977  -0.0002875652  -0.0001496769
        0.0002847152  -0.0027615506  -0.0063734134   0.0266231139   0.0265633036
