           1           2  0.99194055081347310     
           2           3   1.2186206674867714     
           2           4  0.10547683868072463     
           3           4   1.6420676633741862     
           4           5   1.1660812531337208     
           5           6   1.3282212277927505     
           6           7   1.4979111535619751     
           7           8   1.3802734122639120     
           6           9  0.11058768164695863     
           8           9   1.4898294895628494     
           5          10   1.2978750262581304     
           9          10   1.3536670318135060     
           2          11   1.0840180993326065     
          10          11   1.0726919625085942     
           2          12  0.13945375313304803     
          11          12   1.6807158717106092     
           1          13  0.97180005528734570     
           1          14  0.97179997119279449     
           1          15  0.98117214362310823     
           3          16  0.95007739352064347     
           6          17  0.96716288457684674     
           7          18  0.97022398812851063     
           8          19  0.97018367265367222     
           9          20  0.96565751837964453     
