           1           2  0.93946153818108180     
           2           3   1.1901901007279876     
           3           4   1.6323286059873727     
           4           5   1.1470346277455872     
           5           6   1.3347401383343063     
           6           7   1.5008594114442459     
           7           8   1.3801112585149837     
           6           9  0.11126534207740556     
           8           9   1.4939771166492344     
           5          10   1.3061555457438929     
           9          10   1.3552547907431403     
           2          11   1.0875374600519039     
          10          11   1.0790215689468869     
           2          12  0.11974485871330175     
          11          12   1.6032401482384122     
           1          13  0.97614164067966969     
           1          14  0.98165394325524469     
           1          15  0.98168219696678660     
           3          16  0.96581378634974591     
           6          17  0.97128453546785753     
           7          18  0.97293288433409553     
           8          19  0.97265350898830050     
           9          20  0.96922065013188319     
