   -0.32351203
   -0.21615007
    0.10717568
   -0.03427942
   -0.00382566
    0.02613388
   -0.01549573
   -0.02451939
   -0.02454605
   -0.02621325
   -0.02292365
    0.02496106
   -0.02355885
   -0.02655426
   -0.02547500
   -0.02516349
   -0.01942421
    0.04815975
   -0.04610908
   -0.03763642
    0.02813151
   -0.02199401
   -0.02633958
   -0.02602122
   -0.02654297
   -0.02142383
    0.02598953
   -0.01739157
   -0.02457425
   -0.02502551
   -0.02782367
   -0.02536853
    0.01954601
   -0.17446466
    0.05583962
    0.06132509
    0.06654476
    0.04093570
    0.03995526
    0.03879491
    0.03905299
    0.03654327
    0.03677227
    0.03656814
    0.03556524
    0.05604085
    0.03267945
    0.02770026
    0.05618150
    0.06922377
    0.03989409
    0.03826748
    0.03812262
    0.03866181
    0.06684733
    0.06333981
    0.03887015
    0.03910259
    0.03896021
    0.03956421
    0.18972433
   -0.23120446
   -0.10046555
   -0.47019490
    0.08394195
    0.00206750
   -0.03102542
   -0.03192489
   -0.03048407
   -0.02489138
   -0.02701513
    0.31841826
    0.04040086
    0.01627933
    0.03078790
    0.02891545
    0.02941537
    0.03311024
    0.03505016
