$grad
  cycle =      1    SCF energy =  -115.35329302070   |dE/dxyz| =  0.000199
   -0.19884640975827     -1.01359737231014     -0.88319117465328      Ru
    1.04392511140337     -4.98939685843983     -0.55502404760133      N 
    1.46052141474766     -3.95393647063212      1.65628660547978      C 
    4.06110771562630     -2.80444538560564      2.08767413299230      C 
    4.03998103580120     -0.23851138817704     -0.28733222824893      P 
    5.48856303369918      2.42002751406775      1.32949929062407      C 
    4.23809543619914      4.72789521639599      1.31708297288066      C 
    5.31283923600833      6.79754504091916      2.50375985989627      C 
    7.62416843516695      6.55626196153845      3.71083468193180      C 
    8.86887549664752      4.24863882310952      3.73170478686264      C 
    7.81220228297615      2.17901755179299      2.53813105231802      C 
    6.45315187544064     -1.12279238103654     -2.57590326269870      C 
    8.10630328069563      0.66252932706483     -3.57362237034946      C 
    9.83347940343263     -0.03745329806714     -5.40791696956557      C 
    9.90771067755572     -2.50730560874096     -6.27281833516513      C 
    8.23296466812011     -4.28041935329432     -5.31590734984412      C 
    6.50204717750679     -3.59304195947020     -3.48421763137205      C 
   -0.97770366650949     -6.81251746143785     -0.83384444643491      C 
   -3.56245668670164     -6.04914749436583      0.25766058308306      C 
   -4.16397921142093     -2.75154060435078     -0.75808082907485      P 
   -6.69529238368630     -1.68092577671360      1.32844689683157      C 
   -8.52109654772816     -3.27129870169548      2.34737083290933      C 
  -10.39534697246453     -2.28307030228801      3.87898219451087      C 
  -10.46998855968551      0.28399372431337      4.38981946605171      C 
   -8.66074425292678      1.87652840750691      3.36555038476127      C 
   -6.77966604272055      0.89751948928354      1.83800637043218      C 
   -6.00926623263283     -3.03424152398426     -3.67374953255291      C 
   -5.64896436532977     -1.16679707701895     -5.49087987880606      C 
   -7.02667209630737     -1.19529709792242     -7.71180234754565      C 
   -8.78707208811026     -3.08685210365951     -8.13343372618440      C 
   -9.18396613310698     -4.92796035869248     -6.31470131354402      C 
   -7.81643314119233     -4.89857945794830     -4.08647925345507      C 
    0.48510697027992     -4.62751981667401      3.36265987736239      H 
   -0.53241250762897      0.11380021747633      1.83948130087537      H 
    5.57260992609597     -4.19804014482963      1.83776176252570      H 
    4.17967471300424     -1.96662570175064      3.97477539976392      H 
    2.42026377448887      4.84994460645311      0.38148796117846      H 
    4.34836713556870      8.59782722137738      2.49229727945351      H 
    8.46191565422199      8.16906999886228      4.64225483025386      H 
   10.67142135424046      4.07149352093349      4.67616602114245      H 
    8.77867903688289      0.37637970237092      2.52627806567355      H 
    8.03560574564769      2.59574992079231     -2.91228615627743      H 
   11.12088943202920      1.35209676576683     -6.17115987452729      H 
   11.25809693137455     -3.04746598690404     -7.70585916380052      H 
    8.27139848695096     -6.20098091013524     -6.01041743487943      H 
    5.15663798438323     -4.95743722078311     -2.76401303677630      H 
   -1.18840713436540     -7.15869901072751     -2.86992233420780      H 
   -0.34876981443026     -8.59005378024854      0.04266962763884      H 
   -4.99666362647833     -7.37396028870188     -0.40823681724261      H 
   -3.55088102904511     -6.06697341422356      2.32692593365092      H 
   -8.47229338142112     -5.27833126681424      1.97932443699642      H 
  -11.80343565658204     -3.52360361905119      4.68483922103468      H 
  -11.93472776458001      1.04063515968694      5.59457527536303      H 
   -8.71318602204756      3.87836796318003      3.76739668385463      H 
   -5.32175961823020      2.09752546630062      1.04260865188439      H 
   -4.26499689847934      0.30317503527270     -5.13241437635085      H 
   -6.72467871924831      0.25595498499558     -9.11602342785011      H 
   -9.85633500275361     -3.12302183876578     -9.87219875584977      H 
  -10.57111762630950     -6.39331710661239     -6.63113939039579      H 
   -8.17787321672913     -6.33401764679542     -2.67980259875123      H 
    0.27493190853189     -1.86969433238467     -4.23799074708249      C 
    0.69977036187677     -2.49315500647343     -6.27795692567440      O 
   -1.04789401370242      1.67038950976697     -1.69963723230780      H 
   -3.36162274482167     -2.94673794252577      5.83143861661158      O 
   -3.12944368365910     -1.22440930407643      7.86174439670293      C 
   -0.46401701290440     -0.23621222632364      8.08466677341612      C 
    1.45366204167998     -1.83428798261056      8.90147045195878      C 
    3.92610158637935     -0.98965203811030      9.01869201516351      C 
    4.50354804900722      1.46814066369159      8.32487585957322      C 
    2.60399436196175      3.06705486882930      7.50140681413765      C 
    0.13475814881543      2.21474332754029      7.36643151018536      C 
   -2.85021010288029     -2.03936832144819      4.31741504437408      H 
   -3.65848491331499     -2.28761636086347      9.55553692938518      H 
   -4.46747721341606      0.34550776773010      7.61384361311662      H 
    0.99438787746006     -3.75147825137117      9.44019416868639      H 
    5.40261516362363     -2.24942536212551      9.65721799901097      H 
    6.43058275779709      2.13575344544465      8.41955749838790      H 
    3.05065516245952      4.98070896757112      6.95365241500547      H 
   -1.33978705028575      3.46126104770348      6.70093530109792      H 
   1.3660115564763E-05   2.7707020072620E-05  -1.6260248567754E-05
   9.5351021963369E-06  -1.3398797127298E-06  -7.7289992966474E-06
  -3.6050457195761E-06   1.1624124995217E-05  -7.5632983598285E-06
   6.8305855455543E-06  -8.9489628073880E-06  -2.4889461263670E-06
  -5.5082221038986E-07   3.9326715514759E-06   8.8323264720316E-06
  -1.1469540307894E-06  -3.9934555838692E-06  -3.2776487108621E-06
  -9.4304559254058E-06   2.3795917921254E-06  -2.5011203104263E-06
  -6.2700015480415E-06  -1.2330836251953E-07  -7.8671979294055E-07
  -1.1588770608726E-05   3.4159515896171E-06   1.7114509885118E-06
  -4.6627968184737E-06   6.2593886783852E-08  -5.1213910547449E-07
  -3.7008287362040E-06   3.6287939541229E-06  -1.7916997353061E-06
   3.5844360312629E-08  -3.4263710729626E-06  -4.6793567297909E-07
   3.8988447935155E-06   3.9859649672064E-06   2.2952306616211E-06
  -1.1856866682958E-07   4.1429298182393E-06   3.1161891180615E-07
   2.0711508611226E-06   7.7669758360857E-06  -3.6648135659314E-06
   2.2079675434143E-06   4.1015515051314E-06  -3.0416917634474E-06
   2.1161322533941E-06   3.5613183171129E-06  -1.7268689568659E-06
  -6.6695327314737E-06   1.0015908550848E-05   5.1871372533420E-07
  -5.9042441490133E-06  -8.2999392418281E-06   1.4236811648403E-06
  -2.1956922981943E-07  -3.1848599893806E-06  -1.0385974657387E-05
   8.5171729757949E-06   1.2860348925994E-05   1.7736154767612E-05
  -6.8009706406801E-06   7.1859073470339E-06   7.7123147876485E-06
   5.8096489724892E-07   1.6650241234735E-05  -8.4563560234036E-06
  -4.6440877623278E-06  -2.2115342852772E-06  -8.7549911701749E-06
   5.8693178562976E-06   1.5117129253779E-06  -6.6929205107534E-06
  -8.4193555199368E-07  -5.5610672617409E-06   1.1601909457212E-05
   6.7685984893541E-06  -9.3343915461300E-06  -1.3405858969804E-05
  -5.6108527775887E-06  -1.1595745137332E-05   1.2592986014012E-06
  -1.1870125448509E-05   1.0066264979804E-06   1.0188958339471E-06
  -1.2418622340806E-05  -4.3544257400751E-06   9.4573536940705E-06
  -6.1305936780114E-07  -3.2934182130327E-06   6.1305669466190E-07
   8.3962026348936E-06  -1.2094917148491E-05   2.2597264445119E-06
   2.8396623263154E-06  -2.8589312114934E-06  -3.2314237852737E-06
  -2.8042993039223E-06  -3.8142129346124E-06  -4.4988586944468E-06
   2.4022437256367E-06  -1.6202500343578E-06  -2.2308567349117E-06
  -2.9278739644768E-06   9.6317539116842E-07  -3.0650642111121E-06
  -8.3250806009252E-06  -1.9115166728829E-06  -9.7173681168252E-08
  -1.1665009065469E-05   7.3043216719160E-07   1.7123399399177E-06
  -8.6064015242839E-06   2.9099080293025E-06  -3.6799615569346E-07
  -4.1926488090248E-06   3.5589628028901E-06  -2.0332603711250E-06
  -1.9616116333594E-06   7.9487062812422E-07  -3.9223189173535E-06
  -4.4968779901848E-06   1.6583297970255E-06  -2.6302323310123E-06
   2.7019871033791E-06   5.0294819187063E-06   4.1091957787446E-06
   7.1861160677660E-06   5.9055842662134E-06   6.6010022288690E-06
   6.7970414567302E-06   5.5371321025375E-06  -9.0833411368268E-07
   9.9876032565673E-07   1.2706073174454E-06  -5.9650949740416E-06
  -9.2208503669081E-06   6.5974482462416E-06  -2.6225686112232E-06
  -3.8618628588981E-06  -4.0475991107892E-06  -1.1423625816426E-05
  -5.5810796178048E-06  -8.0946922376517E-07   9.6300791966402E-06
   4.4500269599803E-06   3.4052835386747E-06   1.1174959041027E-06
  -1.5335965958177E-05   7.1354095075387E-06  -1.1642087524979E-05
  -9.5843192509211E-06   1.0461380204343E-05  -6.5634877545844E-06
   7.2980861889382E-06   6.4536893162715E-06   6.5483696122773E-06
   1.7577280883577E-05   2.5775821056427E-06   1.6890278632764E-05
   9.4665503107730E-06  -5.7945945501254E-07   1.0052122875977E-05
  -1.6388789223299E-06  -8.3468722383040E-06  -3.1251001580005E-06
   2.7980738250508E-06  -2.0562562100321E-05  -2.4295731404277E-06
   3.9530143391466E-06  -1.6429245910137E-05   4.3260661786320E-07
  -2.3277641039041E-06  -7.3817101946137E-06   6.1725949305877E-06
  -7.5037421592416E-06   5.2668435960358E-06   3.3544059938997E-06
  -7.6470452357497E-05  -4.1140317761003E-05  -4.4899729940928E-05
   4.4552019407177E-05   1.8638586080087E-06   3.8758474999379E-05
   6.1028998090243E-06   1.5739925858505E-06   2.0870759851985E-06
  -3.9093857345957E-06   1.6075891927505E-05  -7.9478224936494E-06
   8.6369143875439E-07   7.2244923921801E-06  -1.0215945704663E-05
   4.1585021105613E-05   1.9270447958129E-05   4.8558394287994E-06
  -1.5920356529949E-05   1.5130228443861E-05  -1.2092120718156E-05
  -4.3969242741596E-06   3.3906529197163E-05   1.4692697754693E-06
  -5.1667483339961E-05  -2.1986611771585E-05   6.4408610192646E-06
   3.3317953303798E-05  -5.5098575137467E-05   2.0784938881341E-05
   2.6756612542899E-05  -3.1151148780141E-05   1.6911938221783E-05
   1.4176222892188E-05   6.5526608501203E-06  -4.9760463115424E-06
  -1.0049615221099E-06   1.0618453651724E-05  -1.3952421945310E-05
   8.4601685459613E-06   1.3647723858580E-06  -6.3055318487113E-06
  -4.9412199034467E-06   1.9800864903100E-05   1.4467652881174E-06
  -1.0677582636575E-05  -6.7162197732601E-06   1.4073749772061E-05
   8.9597196559248E-06  -1.4466264864231E-05   1.8810836535967E-05
   2.0456694768317E-05  -1.2925272896857E-05   1.1746515152161E-05
   2.1502029738448E-05   4.2996856669194E-07  -4.1035817411479E-06
$end
