           1           2  0.45612627931434585     
           1           3  0.48012331543324210     
           2           3   1.4760341703515560     
           3           4  0.96256029645051289     
           1           5  0.91496895420036872     
           4           5  0.98128409538370165     
           5           6  0.98425626235960006     
           6           7   1.3926907321929587     
           7           8   1.4384172975991276     
           6           9  0.10502508494386785     
           8           9   1.4421321184952394     
           7          10  0.10723067202916711     
           9          10   1.4277642307895022     
           6          11   1.3777119057999143     
           8          11  0.11056049994266667     
          10          11   1.4541445541837406     
           5          12  0.98630540511253284     
          12          13   1.3842512534593965     
          13          14   1.4454477624631497     
          12          15  0.10382813710141471     
          14          15   1.4375493187841579     
          13          16  0.10724531469829199     
          15          16   1.4310044166936537     
          12          17   1.3774283906872606     
          14          17  0.10883978443492934     
          16          17   1.4521244669987916     
           2          18   1.0059557488502744     
          18          19  0.96874687186688213     
           1          20   1.0208372675540023     
          19          20  0.99117765010922088     
          20          21  0.97690985324836466     
          21          22   1.3852139951706681     
          22          23   1.4467051355564808     
          21          24  0.10512933024669097     
          23          24   1.4348176960292054     
          22          25  0.10918965980864906     
          24          25   1.4358839702506359     
          21          26   1.3832306350096133     
          23          26  0.10848802489526277     
          25          26   1.4468115911252062     
          20          27  0.97820634261954675     
          27          28   1.3833214902478712     
          28          29   1.4459147874086964     
          27          30  0.10515569106409124     
          29          30   1.4369095605956448     
          28          31  0.10819269750376322     
          30          31   1.4338660157356564     
          27          32   1.3852917282010184     
          29          32  0.10929537884953382     
          31          32   1.4473519640001902     
           3          33  0.91393457143989509     
           1          34  0.74647951530917867     
           4          35  0.93395760253994242     
           4          36  0.93621401495881473     
           7          37  0.94387496388322278     
           8          38  0.96922793246539041     
           9          39  0.97078705495102247     
          10          40  0.96905282221826072     
          11          41  0.96052176930690425     
          13          42  0.95959761360251672     
          14          43  0.96946392529826286     
          15          44  0.97100552401554951     
          16          45  0.96951441033987196     
          17          46  0.94779699108315030     
          18          47  0.96546956027812647     
          18          48  0.95629066399141249     
          19          49  0.93711926665980527     
          19          50  0.93442286323512347     
          22          51  0.96039441630672606     
          23          52  0.96927824008485941     
          24          53  0.97084084803806614     
          25          54  0.96929691315460220     
          26          55  0.93971562492221783     
          28          56  0.93259764366366515     
          29          57  0.96929322078114688     
          30          58  0.97069632504844394     
          31          59  0.96926886483696195     
          32          60  0.95712464437328948     
           1          61   1.2474101906501465     
           1          62  0.27403505541078094     
          61          62   2.0981642918918322     
           1          63  0.87943650427177111     
          64          65  0.98665626801723116     
          65          66  0.99493038634472142     
          66          67   1.4139559921232325     
          67          68   1.4447666346037125     
          66          69  0.11060291580331091     
          68          69   1.4351947631621638     
          67          70  0.11237197603851379     
          69          70   1.4400199788362680     
          66          71   1.4180375158315419     
          68          71  0.11077837440546449     
          70          71   1.4410892841912639     
          64          72  0.84833727596073416     
          65          73  0.96797040639635912     
          65          74  0.96951667438201306     
          67          75  0.96977177614350496     
          68          76  0.97112876508379331     
          69          77  0.97070778783077261     
          70          78  0.96918792778973994     
          71          79  0.96803930540173022     
