   -0.45814001
   -0.26453032
    0.05152072
   -0.03265777
   -0.03078713
    0.02705489
   -0.01569264
   -0.02441852
   -0.02393398
   -0.02612091
   -0.02478660
    0.02184866
   -0.01763042
   -0.02437273
   -0.02422493
   -0.02586361
   -0.02492980
    0.05063090
   -0.03421677
   -0.03914205
    0.02178815
   -0.02345367
   -0.02616837
   -0.02354067
   -0.02347421
   -0.01653726
    0.03085037
   -0.01591439
   -0.02509425
   -0.02482999
   -0.02706090
   -0.02141325
    0.00056658
    0.00873075
    0.06354987
    0.04830696
    0.06215903
    0.04244293
    0.04250641
    0.04162256
    0.04011340
    0.04888494
    0.04162682
    0.04213541
    0.04054140
    0.03799602
   -0.00040899
    0.00556736
    0.05809493
    0.06776954
    0.04045827
    0.04330199
    0.04392583
    0.04325122
    0.05404376
    0.04438185
    0.03785078
    0.03816122
    0.03635175
    0.03637081
    0.17256630
   -0.25475752
    0.21086666
   -0.23524321
   -0.49709552
    0.12006370
    0.00149644
   -0.03542937
   -0.02715701
   -0.03205409
   -0.03147696
   -0.03020381
    0.33290598
    0.14315187
    0.01451828
    0.02236810
    0.02928435
    0.03213848
    0.03122452
    0.03777088
