$grad
  cycle =      1    SCF energy =  -120.62930894822   |dE/dxyz| =  0.000246
    0.08835670443351     -0.38378787673914     -0.80761414052687      Mn
    0.68921762171139     -4.03530730856653      0.01739261213615      N 
    3.19091808800978     -5.17968333886905     -0.06515652716026      C 
    4.91318566656534     -3.78983919638909     -1.91556198888147      C 
    4.31491627909988     -0.40306050702956     -1.38175814419444      P 
    6.50145201956047      0.20872814254393      1.22271574422944      C 
    5.74995790691938     -0.46223603871398      3.65424731664410      C 
    7.38470454633294     -0.17038120967144      5.67159951333376      C 
    9.78286219496461      0.80645596894408      5.28253182849810      C 
   10.53750761705246      1.48689055523457      2.87024413041804      C 
    8.91291158208170      1.18765866174846      0.84224366254310      C 
    5.90135400605871      1.19565470729895     -3.98059375977283      C 
    5.46314762968999      3.78554651048680     -4.17687915769044      C 
    6.63465141113307      5.18420090254740     -6.04417939793926      C 
    8.25512069257279      4.00492098602857     -7.73188859665725      C 
    8.69797707394667      1.43273147127977     -7.54305466816102      C 
    7.52915937637345      0.02190995304798     -5.67606093589598      C 
   -0.89496795439643     -5.50306614129980      1.72199599052090      C 
   -3.37802303023209     -4.14126774957456      2.32428452609588      C 
   -3.89324309166122     -1.70039461802426     -0.09848437213195      P 
   -6.31653118872949      0.21167630269119      1.44233837416170      C 
   -8.60482879925014     -0.89604226878357      2.12896988070134      C 
  -10.43807329960957      0.52280595069199      3.33136240060244      C 
  -10.00954786382319      3.05615008304839      3.84780042745448      C 
   -7.74492282184036      4.16879047369977      3.15463765659976      C 
   -5.90048888596535      2.75287874940475      1.95345138281912      C 
   -5.86812985172334     -3.17301656862657     -2.50759623955223      C 
   -6.03786762437017     -5.76506562339409     -2.88685258849859      C 
   -7.55561035819571     -6.70382607644857     -4.80018953129166      C 
   -8.88768358062608     -5.07213141336004     -6.35227323609096      C 
   -8.69941227961399     -2.48129062843427     -6.00173594334195      C 
   -7.18853614959949     -1.53485828730466     -4.09545222294447      C 
    3.04240556266620     -7.18708514964614     -0.62821436565493      H 
    4.07647880569361     -5.16654474506587      1.83205396076926      H 
    4.38855734548702     -4.23218165969555     -3.86729539340787      H 
    6.90118014483695     -4.26373146010154     -1.60617961464130      H 
    3.86443002820481     -1.19443858255216      3.95663734517728      H 
    6.78355789979785     -0.69554831913261      7.55076682341560      H 
   11.05851122019296      1.04430879958637      6.85824537586254      H 
   12.40355462476303      2.25610493094656      2.56117700396120      H 
    9.52212523611715      1.72614655690315     -1.03119940056631      H 
    4.19749356408621      4.67723355777608     -2.83551751879157      H 
    6.28693915524950      7.19098387905504     -6.18571819621234      H 
    9.17405985161902      5.09252480426294     -9.19461152797416      H 
    9.96487696710382      0.51490645410074     -8.85477013117048      H 
    7.89867405198567     -1.98131162495504     -5.54972559847179      H 
   -1.29472091370561     -7.37215369978615      0.87654885366400      H 
    0.12432643870740     -5.88364308352757      3.50844128579814      H 
   -4.98171691117075     -5.43214375897146      2.48723671770880      H 
   -3.19617658178857     -3.08128409869013      4.09653872239294      H 
   -8.94878297132702     -2.86639138354927      1.70326023935031      H 
  -12.20803983100291     -0.34453500955847      3.86440769325104      H 
  -11.44617799537188      4.16191790128433      4.78594595739733      H 
   -7.40992303019251      6.14387820575017      3.54671586312587      H 
   -4.12760497889974      3.61299600020439      1.40316312905144      H 
   -4.98414293904886     -7.05752488460604     -1.71014917338046      H 
   -7.68858255382092     -8.72144857435953     -5.08625278811858      H 
  -10.06522826497038     -5.81576680121360     -7.84487219703591      H 
   -9.72378122227428     -1.20379536252695     -7.22187524762006      H 
   -7.01099643173312      0.48664209455606     -3.80898446164640      H 
   -0.59593871162598      2.63729078174789     -2.04191327726796      C 
   -1.06256428209749      4.66864594478379     -2.74777317875334      O 
    0.13531186973650      1.03320463081144      2.20268938344146      C 
    0.06240763654747      2.07710334859683      4.13554690460768      O 
   -0.64217727516769     -4.94898513668811     -4.67409437205959      O 
   -0.53790629189054     -2.42143528297024     -5.34878764925036      C 
    1.25537686543824     -1.82908354089246     -7.48202608900409      C 
    1.46598043826655      0.65194643116826     -8.32827698458078      C 
    3.05260836006274      1.23724019318929    -10.31590703062786      C 
    4.45915795713276     -0.64539323272732    -11.47399343466762      C 
    4.26550865580360     -3.11371186924878    -10.63532104187557      C 
    2.66642177979730     -3.70539701242709     -8.65065307261860      C 
   -0.22749380915632     -4.96455981329304     -2.78744826013948      H 
    0.07607410875240     -1.22027586014536     -3.68012708308209      H 
   -2.43465973782130     -1.74789955778428     -5.91930419041928      H 
    0.37363867221034      2.12330226062096     -7.41916038798098      H 
    3.19631265414702      3.16802342404507    -10.96321944277672      H 
    5.69673065168701     -0.18459005469931    -13.03052323160926      H 
    5.35220366484597     -4.59157674196139    -11.53369275492253      H 
    2.46941681585414     -5.63692275307765     -8.01307959436199      H 
   3.0795282444263E-05  -1.8160479426525E-05  -7.5160217551012E-06
   1.4450778553719E-05   1.8783263730393E-05   4.0573727615411E-05
  -1.6915618780610E-05   6.6243071804155E-06  -1.1105585000405E-05
  -5.3122338088900E-06   3.6997132125289E-06   3.4147424804857E-06
   3.4646336027008E-06   4.3829582664844E-06   3.5396376796215E-06
  -1.1960884756860E-05   6.7442885280772E-06  -3.1007451227206E-06
  -4.3711200241299E-06  -3.3625569102229E-08  -1.9059863123169E-06
  -6.5507198716235E-06  -9.3197284823790E-06   1.5878586066075E-06
   6.7205270543398E-06  -1.3930733382491E-05  -6.4866098870959E-06
  -5.2574901347987E-06  -9.2092510875033E-06   2.8614481242714E-06
   2.8712371727733E-06   8.0393712043990E-06  -1.3175074708929E-06
  -8.7204918684618E-07   9.6444882819574E-07  -7.1309688524204E-06
   6.8870463269300E-06   3.5395080123871E-06  -1.1877788056432E-06
   7.5693148519452E-06  -5.1902298456085E-07   4.0414385695588E-06
   9.0025152411821E-06  -3.1042067593264E-06   4.8767876501585E-06
   1.8649498273494E-06   3.3550891147555E-06  -1.2182303561176E-06
  -1.2077230075136E-05   8.8433322247896E-07  -1.6078324593003E-06
   6.9709495267756E-06   1.9575843804299E-05  -6.5588661135496E-06
  -2.7478007218863E-06   5.6456657710017E-06   2.2441507689783E-06
   6.3252869697972E-06   3.6568988274995E-06  -6.7359891350021E-06
  -1.0368288504600E-05  -1.7223736206006E-05  -5.4984792467724E-06
   7.9908427384045E-06  -5.9305530377058E-06   3.9561778548136E-06
   4.7954432595407E-06   2.7754199496304E-08  -9.2802700442000E-06
  -2.0591841171784E-06   9.6943951463189E-06  -1.1033937369695E-05
   9.8568994795348E-06   1.4378969331660E-05   2.1456317390141E-06
  -1.2000636085922E-05  -3.5147220863208E-07   8.5599044833876E-06
  -1.1712877788828E-06  -2.9099671564210E-06   6.9409750182637E-06
  -1.9003746414501E-06   3.8153412692002E-07   7.7203371769191E-06
  -7.1229971563307E-06  -1.5027223421441E-06   1.1694356398585E-06
   2.6462000758162E-06  -8.2317400983647E-06   3.4873437734693E-06
   2.3658357855803E-06  -1.1724457069585E-06   1.1116085265066E-06
  -3.4721985122691E-06  -1.0392341030381E-06  -1.0685169606422E-06
   1.1840844865161E-06  -3.5958091381825E-06   4.7218920078671E-06
   2.9488948014829E-06   3.6894591647766E-06   5.4147667984168E-06
   2.6816164811772E-06  -1.4354100320577E-06   3.6188936184564E-06
  -3.5180107791795E-07   6.3093986596740E-06   4.2054077598679E-06
  -7.5630838154996E-06   1.4650648408626E-06  -5.2738114626458E-07
  -4.4537267197564E-06  -4.8249579812764E-06  -3.3549832813697E-06
   4.1463500795974E-06  -1.2635985634934E-05  -3.6286874629152E-10
   7.5607781031613E-06  -3.2374607851743E-07  -7.7335314827344E-07
  -3.8354805895759E-06   4.2992360084063E-06   3.6397551251825E-06
   1.8050537764819E-06  -6.6143832986282E-07  -5.5915974606088E-07
   3.4870131179085E-06   2.2942709763611E-06  -1.6983196091689E-06
   1.8879959882612E-06  -2.3714592438221E-07   1.1097816054010E-06
  -3.1116487564384E-06   6.9159482758711E-07   6.5939882038998E-07
  -1.2189746855542E-07  -3.7023511238525E-07  -1.6710714153990E-06
   2.7334580840606E-06  -4.5033477221461E-06   6.6704548051095E-06
   6.8266308078762E-06   4.2652917870491E-06   8.1306813118590E-06
  -8.5547992191375E-07  -1.8141849138384E-06  -1.8224534935725E-06
  -3.9894691916946E-06  -1.5541681229931E-06   3.0585373180737E-06
   5.7565996591481E-06   7.8566735922129E-06  -7.0740868208412E-08
  -1.1989717447532E-05  -9.8872733884803E-06   3.1967082763468E-06
   6.9825881527335E-08   2.1475099202007E-06   2.2498578356484E-06
  -5.8933481503086E-06  -7.1799960893021E-06  -5.2949157600143E-06
   1.5013661969272E-05   1.2455022585381E-05  -6.8818139721873E-06
   1.9353145148532E-06  -2.7120840923699E-06   2.1474756900134E-06
  -7.8542808806222E-07  -4.3471494426899E-06   5.5270521561903E-06
  -5.7364697704852E-06  -3.6355697107484E-06   5.5531006018003E-06
  -5.9153128551110E-06  -1.8118838059852E-06   3.9711543578491E-06
  -1.0752633098015E-06  -1.4707292801884E-06   2.5210601070768E-06
   3.6263880071211E-06  -2.5735976884881E-05  -2.1133167090642E-05
  -9.7347436758851E-06   3.1328557103564E-05   2.6975785219223E-06
  -3.1199575060215E-05  -4.6727355810227E-06  -2.8180713358345E-05
   9.7317859395262E-06   9.3395196883931E-07   2.1678500634838E-05
   2.7594764176383E-05  -2.2849748362375E-05   1.1852901019855E-04
   7.6626508136961E-07   6.1138676600415E-05   1.1824619581440E-05
  -5.0393223914937E-06   3.0794664623215E-06   2.2069360136376E-07
  -6.1302896873681E-06  -9.0777166403602E-07  -5.4070324990011E-06
   2.3813515509792E-06  -1.3424593515882E-06  -5.5083739171356E-06
   7.1859895425987E-07   6.1411954467296E-06  -2.2698544443530E-06
   8.9177146034952E-07  -5.7381183322196E-06   6.1090927132061E-06
   1.3889024488040E-05  -9.2263244595654E-07  -1.4012783537340E-06
  -4.4090285772322E-05  -2.8079498487318E-05  -1.5277932200523E-04
  -1.1135193997961E-07  -1.5254812583350E-05  -2.8793429970446E-07
   5.2365319189913E-07   1.8679866228209E-06   2.0883208824108E-06
  -4.2583671344567E-06   2.6429868139983E-06  -9.0687568858650E-06
   5.0148350530816E-07   1.5402642362976E-06  -5.6418155251057E-06
   7.6400293000371E-06  -1.8639031747964E-06   2.4854981467874E-06
   8.8242736193641E-06  -1.6341698523481E-06   3.1541343840695E-06
   6.9776704486800E-07   1.1690994681642E-07   3.6714960132766E-06
$end
