           1           2  0.70253731440282541     
           2           3   1.0041356579947609     
           3           4  0.98367313321267758     
           1           5  0.83175912313002642     
           4           5   1.0011641353667708     
           5           6  0.99602498033548958     
           6           7   1.3783455847367689     
           7           8   1.4481205940227153     
           6           9  0.10465976525335258     
           8           9   1.4337401529238594     
           7          10  0.10878048646951223     
           9          10   1.4371705359196185     
           6          11   1.3844824754159892     
           8          11  0.10857823670974714     
          10          11   1.4445510574819451     
           5          12  0.99843082621639223     
          12          13   1.3754433131145745     
          13          14   1.4538161135309233     
          12          15  0.10459005514389449     
          14          15   1.4301352302836028     
          13          16  0.10911725433465774     
          15          16   1.4387946011221737     
          12          17   1.3884990689770722     
          14          17  0.10747336244400954     
          16          17   1.4412167630431432     
           2          18   1.0060526835922792     
          18          19  0.97988100961391156     
           1          20  0.84340005918717298     
          19          20   1.0118773341183847     
          20          21  0.99566616351388082     
          21          22   1.3769910457529031     
          22          23   1.4551651648210362     
          21          24  0.10579645090414183     
          23          24   1.4278537489649636     
          22          25  0.11082185288947585     
          24          25   1.4438135780978059     
          21          26   1.3950693308441418     
          23          26  0.10718942842178597     
          25          26   1.4377347575232946     
          20          27  0.98801770358986674     
          27          28   1.3899954225301594     
          28          29   1.4380130946247149     
          27          30  0.10416260685826793     
          29          30   1.4423486498966769     
          28          31  0.10617588591267868     
          30          31   1.4264644530267665     
          27          32   1.3695370834937539     
          29          32  0.10909655119199534     
          31          32   1.4569606365166385     
           3          33  0.96038774202493615     
           3          34  0.95227201956193708     
           4          35  0.93055918153032202     
           4          36  0.94093394393741148     
           7          37  0.93649962958729094     
           8          38  0.96895402066521419     
           9          39  0.97039442638747975     
          10          40  0.96887052155150843     
          11          41  0.95902618547228158     
          13          42  0.94759299799223884     
          14          43  0.96912315064716914     
          15          44  0.97049693530007475     
          16          45  0.96892606825009986     
          17          46  0.96078503233197043     
          18          47  0.96165363887539757     
          18          48  0.96126173159651951     
          19          49  0.93795205428273709     
          19          50  0.93015143517285526     
          22          51  0.95840659502554271     
          23          52  0.96863840527371869     
          24          53  0.97033831995009234     
          25          54  0.96915282649052426     
          26          55  0.94066931430138123     
          28          56  0.95798280204143826     
          29          57  0.96939698067564117     
          30          58  0.97087999941264946     
          31          59  0.96937808564488392     
          32          60  0.95455043909728821     
           1          61   1.4155997491140515     
           1          62  0.33941812961833362     
          61          62   1.9951246142836143     
           1          63   1.4636723759042118     
           1          64  0.35961917664357368     
          63          64   1.9906847180327385     
           1          66  0.13546129443068641     
          65          66   1.0314399762577764     
          66          67  0.99580188156042004     
          67          68   1.3922266558990104     
          68          69   1.4591508277472656     
          67          70  0.10759149475426857     
          69          70   1.4255023509690719     
          68          71  0.11136054361693684     
          70          71   1.4465370238129762     
          67          72   1.4129975099269405     
          69          72  0.10755977294848243     
          71          72   1.4343751889070269     
           2          73  0.13872957361273641     
          65          73  0.71640213336191738     
           1          74  0.16400059411428891     
          66          74  0.74650072960334690     
          66          75  0.93204395113423910     
          68          76  0.96404122912503976     
          69          77  0.97088804116428695     
          70          78  0.97123896865928361     
          71          79  0.97086332888498028     
          72          80  0.96625491783636974     
