   -0.32324615
   -0.08866725
    0.02616202
   -0.03429178
   -0.06088798
    0.02581662
   -0.02616728
   -0.02826573
   -0.02591492
   -0.02709121
   -0.01886133
    0.03948790
   -0.02628309
   -0.02825932
   -0.02687564
   -0.02549712
   -0.01373262
    0.02582484
   -0.03986619
   -0.06367229
    0.03346780
   -0.01495221
   -0.02607811
   -0.02591032
   -0.02906698
   -0.02809218
    0.02636741
   -0.01546828
   -0.02464541
   -0.02646306
   -0.02963238
   -0.02993359
    0.05465985
    0.04146427
    0.05842212
    0.07379110
    0.03708546
    0.03464996
    0.03446176
    0.03334078
    0.05989693
    0.04015489
    0.03616243
    0.03512592
    0.03373192
    0.04377331
    0.07327879
    0.03301456
    0.06085542
    0.06678069
    0.06551314
    0.03479779
    0.03570351
    0.03601846
    0.03934825
    0.05074161
    0.03429833
    0.03576016
    0.03600746
    0.03715423
    0.19500719
   -0.27742219
   -0.18147585
   -0.36854696
    0.21187129
   -0.00494612
   -0.02070457
   -0.02519371
   -0.01983219
   -0.02557156
   -0.01269913
    0.18817574
    0.02609365
   -0.24719988
    0.05683991
    0.03639145
    0.04611428
    0.04446387
    0.05333749
