$grad
  cycle =      1    SCF energy =  -115.34817378973   |dE/dxyz| =  0.000229
    0.29614552721059      0.05499117533485     -0.49126528514392      Ru
    0.03477641712582     -3.62088595622477      1.58914513411568      N 
    2.36902315505405     -5.14120620821406      1.60126546135753      C 
    4.71647305533541     -3.46222938254174      1.63595370630484      C 
    4.32577620413922     -1.24150894057420     -1.05816886758033      P 
    5.64743538940063     -3.16219658227372     -3.62958986998027      C 
    8.17912199952601     -3.88016640843966     -3.62487178622292      C 
    9.12559122595225     -5.33994672407627     -5.57281149924605      C 
    7.56034545337978     -6.08783236140895     -7.53831378530985      C 
    5.04538476832721     -5.36481987559703     -7.55903951419389      C 
    4.09345264319917     -3.90094830862920     -5.61042144171465      C 
    6.89685652470795      1.01848607979327     -0.72589736109508      C 
    8.68563033997800      1.04501176167304      1.19468663085271      C 
   10.52700395532545      2.90597343517641      1.23488252014236      C 
   10.59791817049441      4.73979360835829     -0.62945764558789      C 
    8.81530051613539      4.72263616183045     -2.55111997452271      C 
    6.97514649100698      2.87250848906745     -2.59552704863676      C 
   -1.07520078874123     -3.19023519886823      4.09277153428480      C 
   -3.68169202649629     -1.98831771521359      3.77357616180677      C 
   -3.40258464541536      0.73973617001922      1.54293990096524      P 
   -3.80565995538757      3.50413764219577      3.59096562849217      C 
   -2.16808507478534      5.53587370108561      3.30875199636784      C 
   -2.47256210683452      7.68899778295064      4.76246049566155      C 
   -4.41794498220484      7.82569544008172      6.50748416981532      C 
   -6.07498914841127      5.81409720956782      6.77768334740314      C 
   -5.78563362883683      3.66823231657678      5.31639071555186      C 
   -6.55075724952179      0.92665836566098      0.10490638571676      C 
   -6.65269650013390      2.48030056020523     -2.01662244917613      C 
   -8.91517336282114      2.90686801517141     -3.24835522582182      C 
  -11.10434285165499      1.76541164468610     -2.37195357839919      C 
  -11.01659752823474      0.21304979409708     -0.26797349231613      C 
   -8.75431383938437     -0.20254591761968      0.97938141335354      C 
    2.41506239807232     -6.26556504041323     -0.14148081053595      H 
    2.37052530405105     -6.44235515780032      3.22239624040167      H 
    6.43156433356189     -4.60426002552352      1.47154089835884      H 
    4.77685279049339     -2.34285226719750      3.37327129263558      H 
    9.40675128922561     -3.27414926579023     -2.10533197709381      H 
   11.09214959396967     -5.89233508116364     -5.56854203118827      H 
    8.30978796729170     -7.22505751467028     -9.05989948973030      H 
    3.82817494912249     -5.93320704866562     -9.09788013981188      H 
    2.13847423491698     -3.29566899302767     -5.60568944001358      H 
    8.65735002341450     -0.36981986560989      2.66678499216519      H 
   11.91506366137500      2.92294445200934      2.73386265474772      H 
   12.03718122225017      6.18755421461108     -0.58450252715121      H 
    8.86032284389519      6.15694854304957     -4.00441077736033      H 
    5.55125974559764      2.84201201139831     -4.07125211443892      H 
    0.16264887760525     -1.92020705341436      5.15950645367599      H 
   -1.24942250503898     -4.98727256012708      5.13370969712934      H 
   -4.97281233717565     -3.36587496549874      2.91932819182814      H 
   -4.43367235718291     -1.39605623259884      5.60305310344658      H 
   -0.64473335175503      5.39551007774706      1.95004185023266      H 
   -1.18976723819360      9.26137474855654      4.53145414053284      H 
   -4.65384456971844      9.50173474579562      7.64982809312826      H 
   -7.60556082479987      5.92687285007360      8.12568572160851      H 
   -7.11717290790071      2.12946121925651      5.50668124515364      H 
   -4.90996819411599      3.33048213975094     -2.68738084719548      H 
   -8.97530591169300      4.11170336142613     -4.89579911919610      H 
  -12.87609799771542      2.08412944464551     -3.33438485706700      H 
  -12.72345350086817     -0.67846585668049      0.41274977935121      H 
   -8.73663419466213     -1.40989653040401      2.62671099224821      H 
    0.43964309746981      2.99356613144430     -2.31576180877093      C 
    0.50570759277501      4.84140238604516     -3.50883143146003      O 
    1.51975703011636      1.22726588932092      1.92799678499303      H 
   -7.76932983919185     -0.62127194110025     -8.34772584466336      O 
   -6.77794561535604     -1.56077653222293     -6.51402878233276      C 
   -7.99248338264038     -3.35841739727276     -4.78983562235896      C 
   -6.60568781782204     -4.46034790286972     -2.83999642840096      C 
   -7.74836427672420     -6.16837901823316     -1.22854852908536      C 
  -10.28183608250487     -6.76791005572648     -1.53091821288180      C 
  -11.67725712012021     -5.66849041513792     -3.45762734083518      C 
  -10.53798453664956     -3.97911491811732     -5.08827293607376      C 
   -1.28633079886188     -4.61810553943855      0.58488293277437      H 
   -4.79725892942337     -1.11047058638381     -6.01829896315769      H 
   -0.90267182490551     -1.38618746582450     -2.77560519115451      H 
   -4.64074929793715     -3.94069178336273     -2.61972094065813      H 
   -6.67799195384530     -7.05472968954779      0.26992441015008      H 
  -11.17108178084600     -8.09777514011797     -0.26198113155158      H 
  -13.65027871267595     -6.13930710217109     -3.68606293563478      H 
  -11.58100817358897     -3.10701027687724     -6.61094173493316      H 
  -1.1450296000348E-04   6.0547185283753E-05  -3.5368097665324E-05
  -2.2429289245614E-06   1.2331439969296E-05  -2.9661619512240E-05
   5.4761656577034E-06   2.6450413787383E-07   6.2392961400940E-06
   9.2725705356456E-06  -8.9247096517851E-06   1.2822263981443E-06
   2.2883435170228E-05  -1.7309516463296E-05   1.7951333080977E-05
   2.5498700706584E-05   1.8942946054026E-05   1.2022508118031E-05
   9.8876353951788E-06   2.3474127103537E-05   6.8299067013807E-07
   2.6256098000770E-05   2.1833670599621E-05   9.1101120881750E-06
   5.0384417448617E-06   5.8152919528831E-06  -1.9368314830021E-05
  -1.6429149498068E-06  -1.8005709853235E-05   2.9677858881577E-06
  -1.5285203211842E-05  -1.8154983123995E-05  -4.5553814023678E-06
   3.3390724072445E-06  -7.9102298428112E-06  -3.8742444761796E-06
   1.4327245216022E-05  -7.6662609448886E-06  -1.0486110202544E-05
  -1.1580072659279E-05   1.2053372943590E-05   6.1821594021581E-06
  -2.3535676941249E-05   1.6860165088357E-05   2.4031648144636E-05
  -1.3962003039916E-05   1.0864974862056E-05   1.3679804083087E-05
  -2.1585727218529E-06   9.5022088911141E-06   4.9637346842310E-06
   1.2735821627306E-05  -1.6901883800972E-05   1.0210107387930E-05
   3.0948892594540E-06  -1.3477987198831E-05  -1.2802422256728E-05
   1.1880624811097E-05  -2.0394975520861E-05   2.6388338848765E-05
  -3.4371336436296E-07   2.5386477810226E-06  -7.4469841175045E-06
  -3.8183363325004E-06  -7.5591078686207E-06  -1.0178289543838E-05
   7.7669147504039E-06  -1.3320803585444E-06   2.0551606127812E-06
   2.1690648384590E-05  -5.4432274254979E-06  -3.7570729335840E-06
   1.0094472473477E-05  -9.7460879626073E-06  -4.8209651070217E-06
   2.4499137718780E-06   2.7016019912183E-06   1.4217767397884E-06
   2.0195041153369E-06  -8.7075621657737E-06   6.8541047396283E-06
   1.1406122784901E-06   2.3377145784147E-07  -3.7478307360617E-06
   5.7885374839890E-06   1.7823213518003E-07  -2.7502524197233E-06
   2.9351143995949E-06   6.8836086823160E-06  -2.0901783348557E-06
   3.7747713195310E-06   8.0815091446725E-06   6.2673969093777E-06
   1.9019746750078E-06   4.9708170395932E-06   4.7825739533625E-06
   3.8105855868927E-06  -1.2171643223706E-06  -3.4850228080827E-06
   1.0120413052376E-05  -6.4965349847065E-06  -4.3652282071688E-06
   5.5020230023945E-06   1.8235599068339E-06   1.6366871149876E-06
  -4.1543434348347E-06   1.9592078000723E-06  -2.6212802305086E-06
   7.7822942310388E-06   1.1299552793081E-05  -9.7736213495255E-07
   9.9949118420657E-06   1.5532268011091E-05   4.0222916147261E-07
   1.1627067509054E-05   2.8812002643017E-06   1.6240426090277E-06
   9.1658009382396E-06  -7.0891435595399E-07   2.1817726867469E-06
   8.3336307696219E-06  -8.9685279576695E-07   4.0221964945159E-07
  -6.4766949292344E-06   5.7195079013073E-06   5.6041368297443E-06
  -2.4925896177643E-06  -1.1194267623092E-07   2.7237121326226E-06
  -1.7039936239390E-06   5.3828067685884E-06   4.1536040500628E-06
  -4.7045193050134E-06   9.1571654446493E-06   6.3478798981549E-06
  -7.0115290842591E-06   7.2988218672856E-06   6.2801436329134E-06
   3.9079248060007E-06  -1.9202850644618E-05   2.2367985886041E-06
  -8.3735352677734E-06  -1.6542034670731E-05  -7.4129333005617E-06
  -5.8756066568544E-06   3.2837172733938E-07   1.4351837386036E-05
   1.8619843082958E-05   8.1606118655838E-07  -2.0215901669433E-06
   2.9298024474311E-06  -4.9743417809979E-06  -8.9689606585869E-06
   3.5929316736436E-06  -4.6772158985493E-06  -1.7733234009806E-05
   9.2681260603808E-06  -1.7285925902495E-06  -5.1926889040721E-06
   1.5296831238979E-05   2.1625789916543E-06   3.4035373450239E-06
   1.0459834413532E-05  -3.9417554866747E-06   3.9771410200256E-06
   8.6554246814387E-06  -1.0041444841880E-05   7.6287749484847E-07
   1.0331766725595E-05   4.2702831514078E-06   4.3547397197599E-07
   5.1677559539457E-06   1.5167105759613E-05   5.3690714072837E-06
  -4.0799765527375E-06   1.4630461181247E-05   1.2465742179741E-06
  -4.3426110284373E-06  -1.3690611338354E-06   7.6582402809733E-07
   7.0227273664201E-05  -9.6953848734259E-06   1.1718562915742E-05
  -4.3481574786578E-05  -1.8541829053708E-05  -2.5407876863776E-05
  -8.6565986157536E-06  -1.3020414109105E-05   2.4465592408665E-06
  -1.6995999932553E-05   5.6789151403064E-06  -1.1239921673136E-06
   1.3646388475189E-05  -4.6178353760437E-05  -2.8263441396383E-05
  -1.2130231079990E-05   1.1291645258965E-05   5.5233721504801E-06
  -6.1857669139244E-06  -4.0457472270160E-06   5.5021352700087E-06
  -1.9396377309004E-05   7.4848643610320E-07   2.6395183358450E-06
  -8.6954461488822E-06   1.1875189727724E-05   2.0234164330406E-05
  -2.1409764533731E-05   4.5566053388294E-06  -9.4013831804631E-06
  -8.1821549087814E-06  -6.0682558147084E-06  -8.8934250810218E-06
   4.7834365968419E-06  -1.3272554016661E-05  -4.2183963353700E-06
  -1.3010548907576E-05   2.1139055417885E-06   8.8754167147404E-08
   5.7262235858014E-06  -2.5553548640397E-05   2.3347284023327E-06
  -1.0151860865524E-05  -1.5518087396384E-07   7.7214946895976E-06
  -1.5946540275984E-05   5.1520594449450E-06   1.0076226588699E-05
  -1.7668750834410E-05   7.1853637723142E-06   4.4301639611067E-06
  -1.2627521348753E-05   4.1863656877043E-06  -2.6127742917376E-06
  -5.3765364109072E-06   6.7873251184194E-07  -1.0106947892127E-05
$end
