           1           2  0.47027741793197131     
           2           3  0.97806307127932246     
           3           4  0.98925313012412863     
           1           5   1.0376957592887681     
           4           5  0.98095699598706487     
           5           6  0.96808320101271017     
           6           7   1.3780541025424409     
           7           8   1.4559274247191980     
           6           9  0.10533524499331973     
           8           9   1.4270306370642234     
           7          10  0.11106354736275030     
           9          10   1.4445478994190011     
           6          11   1.3975131680741768     
           8          11  0.10710454858338350     
          10          11   1.4369261862669140     
           5          12  0.98702657994972565     
          12          13   1.3942751826426132     
          13          14   1.4376022104596684     
          12          15  0.10569411918847717     
          14          15   1.4430608474576443     
          13          16  0.10704381646376161     
          15          16   1.4270491619801982     
          12          17   1.3725111270667285     
          14          17  0.11017188161423430     
          16          17   1.4572144323856275     
           2          18  0.98251081194179446     
          18          19  0.99312786292426702     
           1          20   1.0565489035940090     
          19          20  0.98112353721846246     
          20          21  0.97016300339059880     
          21          22   1.3928482752808991     
          22          23   1.4387946380865844     
          21          24  0.10518833226210629     
          23          24   1.4426641352267737     
          22          25  0.10716286460974722     
          24          25   1.4283147872797055     
          21          26   1.3792493724612549     
          23          26  0.11024758437262933     
          25          26   1.4537775998878590     
          20          27  0.97292845907991798     
          27          28   1.3795163166907365     
          28          29   1.4494433714767794     
          27          30  0.10516083776387951     
          29          30   1.4294379829133796     
          28          31  0.10816804803146365     
          30          31   1.4396137496368271     
          27          32   1.3912175896314485     
          29          32  0.10670209934045249     
          31          32   1.4393834206369414     
           3          33  0.96167563294263825     
           3          34  0.96356471579133207     
           4          35  0.94132451451101240     
           4          36  0.93453428976342268     
           7          37  0.95966489656814491     
           8          38  0.96944998866681109     
           9          39  0.97110534818682059     
          10          40  0.96992267339326144     
          11          41  0.94436140424823900     
          13          42  0.96142144526485029     
          14          43  0.96965532887500294     
          15          44  0.97109518400414307     
          16          45  0.96967498392014551     
          17          46  0.94411822352308583     
          18          47  0.95261905618908105     
          18          48  0.96357511590248812     
          19          49  0.93510814949218424     
          19          50  0.94035725404715520     
          22          51  0.93692591465887265     
          23          52  0.96967860623603408     
          24          53  0.97095547386384773     
          25          54  0.96942486157286711     
          26          55  0.95848572277554978     
          28          56  0.93997924569752411     
          29          57  0.96963336099961062     
          30          58  0.97089434377611727     
          31          59  0.96944349882086400     
          32          60  0.96095317284927573     
           1          61   1.5424233585111422     
           1          62  0.34770341890678880     
          61          62   1.9714132603531445     
           1          63  0.70327772207434047     
          64          65   1.8482334109738148     
          65          66   1.0613650860770443     
          66          67   1.3715141567829945     
          67          68   1.4578432500878793     
          68          69   1.4289828365823127     
          67          70  0.10478697095312657     
          69          70   1.4296282641772544     
          66          71   1.3711694169881152     
          68          71  0.10505641170439818     
          70          71   1.4588181081967018     
           2          72  0.90818360458520742     
          65          73  0.92948598485188283     
           1          74  0.78249821855169244     
          67          75  0.94804229909589632     
          68          76  0.96883537225290839     
          69          77  0.97049806803439187     
          70          78  0.96963887797207837     
          71          79  0.96687467982006881     
