   -0.32373517
   -0.19013365
    0.04932462
   -0.05390354
   -0.00659578
    0.00231813
   -0.10061609
   -0.09108404
   -0.00030691
   -0.09933703
   -0.10450850
    0.04906166
   -0.04605271
   -0.00778889
    0.00059862
   -0.10469252
   -0.09754589
   -0.00270621
   -0.10418683
   -0.09642539
    0.00149067
    0.01201468
    0.07744813
    0.04614885
    0.05283383
    0.04145378
    0.04521270
    0.04147495
    0.05554798
    0.03587251
    0.04320781
    0.05403090
    0.04265650
    0.04030584
    0.05702473
    0.04347654
    0.06304071
    0.04619867
    0.01610509
   -0.00088793
    0.04546370
    0.06099326
    0.04488508
    0.04285791
    0.06051103
    0.04194439
    0.03477188
    0.03820603
    0.06727912
    0.04830719
    0.03770750
    0.05590709
    0.05456235
    0.04556531
    0.03762676
    0.04481814
    0.16803382
   -0.27295180
   -0.14822527
   -0.46323960
    0.08811231
    0.01049098
   -0.04100620
   -0.02988619
   -0.03372479
   -0.03144963
   -0.02873649
    0.33012807
    0.02643914
    0.02234946
    0.02690812
    0.03003531
    0.02859650
    0.02895711
    0.04142163
