$grad
  cycle =      1    SCF energy =   -93.77125379164   |dE/dxyz| =  0.000194
    0.13839109068199      0.01761319501601     -1.08414178818148      Ru
    0.02738048133082     -3.54959991965028     -1.93253302624576      N 
    2.19223870024834     -5.19716908260571     -2.36109819243537      C 
    4.70838117555348     -3.92806816791374     -1.71466230315790      C 
    4.24073439809097     -0.53406284677513     -2.30493330671519      P 
    4.78951808144405     -0.48771810055634     -5.81272816940000      C 
    7.55507971433145     -0.63226999832412     -6.61973079164236      C 
    3.42973462536133      1.72517472545867     -7.06861566027643      C 
    7.07331946126361      0.99242692607662     -0.87204403220194      C 
    7.00417972821449      3.81655311544956     -1.46331337962556      C 
    7.01928135589274      0.60894140302541      1.98589142175413      C 
   -2.25060257187125     -5.07312379720402     -2.17273239664848      C 
   -4.63363840365874     -3.45911357212131     -2.42598267572465      C 
   -4.14188072059407     -0.49691751053154     -0.63699171097551      P 
   -5.66934581053626     -1.28761325194737      2.46229843854583      C 
   -5.42027463534928      0.92271767206826      4.30164914644708      C 
   -4.46791131132511     -3.65973632047786      3.58503743981110      C 
   -6.59545369564801      1.68198848860838     -1.98977600009920      C 
   -5.97523715870759      4.41485087601722     -1.26837667684893      C 
   -6.79510629472031      1.49692047433988     -4.86376737457880      C 
    2.20605185283437     -5.83422879245427     -4.35340576136971      H 
    1.97868503540400     -6.91704564942777     -1.19641086953266      H 
    5.09958070039817     -4.18580724777181      0.29412222141568      H 
    6.26564901799270     -4.72565129254782     -2.81429753018524      H 
    3.84065175693044     -2.22804617548982     -6.44556648588347      H 
    7.65897025584956     -0.98390121334721     -8.64637464213549      H 
    8.53840746959055      1.13025892786285     -6.23496962798342      H 
    8.54316291184934     -2.16077679089929     -5.65998583775687      H 
    1.43286714261862      1.71154193396951     -6.54204174395428      H 
    3.56393989459879      1.57897086311505     -9.11890426659149      H 
    4.22623936815605      3.53127795574163     -6.49426355719062      H 
    8.78402268384706      0.12794259169561     -1.65851281965830      H 
    8.50937027107865      4.79793723652399     -0.45886210191141      H 
    7.23150654918034      4.18632269478233     -3.47200654737116      H 
    5.19562535752026      4.60021098725058     -0.85706685791959      H 
    8.54606659006249      1.66708756694116      2.87206363360265      H 
    5.22499814302118      1.30731698074013      2.72516040503054      H 
    7.23104764451206     -1.36871275511428      2.50467937834354      H 
   -2.39724441659164     -6.35757145981386     -0.53700418932994      H 
   -2.09172488645904     -6.29768437412074     -3.86152405685217      H 
   -6.32962886731478     -4.47746730006142     -1.82770707032759      H 
   -4.83947654754278     -2.92912686722247     -4.41250027463075      H 
   -7.67911315380540     -1.65718652086252      2.08845506777287      H 
   -6.66213155712181      2.47419785635614      3.78136347172593      H 
   -3.47177301157173      1.60014902408139      4.31466289080560      H 
   -5.92143926943083      0.32750167850425      6.20778750638233      H 
   -5.07594476603548     -5.35439136225239      2.59317976711190      H 
   -5.00964555232423     -3.86749567883622      5.56089683027007      H 
   -2.41494221477292     -3.53244150669259      3.48732918466622      H 
   -8.41140072682289      1.14181582198110     -1.14291159512219      H 
   -7.66672111306037      5.58437977657313     -1.35927500823431      H 
   -5.17207217866217      4.54939002662440      0.61861760423396      H 
   -4.59252286213928      5.18729362526468     -2.57691521565800      H 
   -4.91550181156636      1.58447207420373     -5.71053822652327      H 
   -7.73365582228347     -0.23024662024232     -5.46701619788909      H 
   -7.88722136675449      3.08817646814271     -5.58009484397107      H 
    0.09443472807144      3.35549132476785     -2.03824694434032      C 
    0.11917557053213      5.39232547048026     -2.87234722581308      O 
    0.60558471263669      1.03303727048301      1.66514585822232      H 
    2.40171551092002     -4.01682640755225      3.89419590625561      O 
    2.53662068974086     -3.03816189762659      6.36451884740851      C 
    4.10038068168461     -4.72508083491781      8.04634695933270      C 
    3.84559425050726     -4.56446469398252     10.65591012948054      C 
    5.30331939722345     -6.06203518550848     12.22498001151349      C 
    7.02930337685693     -7.74652496802196     11.20496048232922      C 
    7.28725652156070     -7.92059871782445      8.60847410635719      C 
    5.83505389844080     -6.41369541000386      7.03897702057671      C 
    1.73822908817419     -2.70847518194504      2.76851025828882      H 
    3.39951804027626     -1.14304928161128      6.34719377030419      H 
    0.62791330888112     -2.84270834717990      7.17311597864469      H 
    2.49621685085553     -3.25573166197738     11.45707747556339      H 
    5.08926700776410     -5.92085740710368     14.25115365474629      H 
    8.16367439729118     -8.92053409049058     12.43159691393691      H 
    8.62678632758819     -9.23346637263322      7.79944400517735      H 
    6.02069682211946     -6.55520977968137      5.01255184646087      H 
   8.7515303474810E-05  -5.8241645304778E-06   7.7043186086897E-06
  -2.1316285087602E-05   9.0407207069800E-06  -7.6628334206463E-07
   7.3997497736367E-07  -4.7163179793146E-06   1.2437630886366E-05
  -5.5959863265836E-07   1.0381470093796E-05   4.1225033575835E-07
   1.1545643909777E-05   8.0915969132608E-06  -3.2670207985008E-06
  -6.6108970929038E-06  -7.5486395315821E-06  -1.4229166655724E-05
   6.7033324606288E-06   5.4369297399818E-06   7.6111369691241E-06
  -8.1416598588736E-07  -5.1339641077978E-07   1.3187336989171E-06
   1.8946899831976E-06   1.1159761271467E-05   1.6005578361956E-05
  -1.2105627884027E-05   6.1322282446733E-06  -3.5728417872867E-06
   1.7295563174265E-08   3.4015051265215E-07  -3.2523601443809E-06
   8.0169852390025E-07  -2.1246557290456E-06   1.2699016346922E-05
  -7.6700756773600E-06  -2.5767690358894E-06  -2.1375925562857E-07
   1.3874109025395E-05   2.2039821521623E-05  -4.4306353120706E-07
  -3.1966861270790E-07   1.3319223613658E-05   1.0247974684259E-05
  -8.3255178892719E-06   2.4343643335489E-05  -6.6494124406136E-06
  -2.4913043235469E-06   1.3161318010230E-05   5.5832052108123E-06
  -8.9098379431303E-06  -1.3537513456203E-05  -5.9611431683143E-06
  -1.8862450912851E-06  -2.3822293174878E-06  -1.3790536221887E-05
   4.3407879544584E-06  -4.2447619101968E-06  -8.2684995484276E-06
  -4.4926871068743E-06  -2.4311171862532E-06   1.2349500778122E-05
  -3.8209468234804E-07   3.7935254472765E-06   1.6750788978002E-05
   1.7754478133674E-06   8.3895318623178E-06   1.6627106632145E-06
  -3.6607517990597E-06   4.1806886103846E-06  -1.9791120426740E-07
   4.4832249231138E-06  -3.7565830714945E-06  -9.6021191677998E-06
   2.4134248324757E-06  -1.0062703543497E-05   2.5499102137118E-06
  -4.3895993195416E-06   1.9728555130950E-05  -1.1453921825854E-05
   1.0124471544033E-05   1.3844082175960E-05   1.5398956515983E-05
  -7.4534947184537E-07   2.5533930931935E-06  -2.2232716272628E-06
  -3.4626437716562E-06  -9.2508989929077E-06  -3.4374690657099E-06
   3.3148859011361E-06   3.8016941309352E-06  -1.3875764321723E-05
  -5.5734192519326E-06   1.2546145971877E-05  -5.3357163547086E-06
  -3.8922995879505E-06   2.7487428892958E-06  -4.9816940925005E-06
  -1.6734910915152E-05   1.1037068154104E-05  -3.2702173676214E-06
  -5.5150710661385E-06   5.4367030603909E-06   8.1624211414307E-06
   2.0633013068855E-06   3.5948242764250E-06  -6.8249597762359E-06
   6.0045997330968E-06  -7.0708261773950E-07   1.6663621286484E-06
   7.0137939984079E-06   3.3739681640349E-06  -3.9681680665575E-06
   1.9434692366293E-06   9.4576917640255E-07   1.4076292475597E-05
  -1.4159393772868E-06  -1.4793735121569E-06   1.7501252009628E-05
  -1.9713263517682E-06  -5.3250359345264E-06   1.9690007080146E-05
  -1.1941808044273E-05  -1.5336492161622E-05   5.5855963387386E-06
  -2.5968382003550E-06   1.1565561124759E-05  -1.9958521821107E-06
  -1.2036065729452E-05   1.4818390399361E-05  -5.3345428994002E-06
  -6.6084750980771E-06   2.3024289728312E-05  -1.1757259430513E-05
   1.5017876009432E-06   2.0988241813539E-05  -4.1283807779247E-06
  -3.6867850251852E-06   1.0835203882254E-05   1.7572786950372E-05
  -7.2237609896843E-07   2.5787693044421E-05   8.4515216471817E-06
  -4.9050245652161E-06   1.5308347259918E-05   7.2638479670135E-06
  -8.2326316185692E-06  -4.2575985547436E-06  -1.1894894415435E-05
  -5.2373920119196E-06  -3.7272786734812E-06  -1.6983460078153E-05
  -9.7606688372148E-06   1.8817359183820E-06  -1.5393761978010E-05
  -2.2324291102929E-06  -6.1960923841745E-07  -1.1581300407051E-05
   5.5508486587336E-06  -7.6690413626300E-06  -7.7050912009220E-06
   4.3657169748811E-06  -9.9103335312098E-06  -9.1874557022519E-06
   2.5005233478049E-06  -8.8749564745927E-06  -1.5980006731399E-05
  -8.8582652233331E-05   7.9921104332725E-06  -3.0721291327910E-05
   2.7003560453208E-05  -8.9221904536130E-06   2.0149219413553E-05
  -9.1369812040977E-06  -1.3289003165386E-07   3.2683854024936E-06
  -6.7600394348217E-07  -1.0235514836511E-05   1.4843830508911E-06
  -2.2356983147326E-06  -1.3522853345445E-05   4.2232187319115E-06
   3.7891953179302E-06  -1.9877820439678E-05   2.6343180522315E-06
   1.5651481575851E-05  -1.7091689320231E-05   6.8206744457532E-06
   1.2546778901939E-07  -1.0947419890695E-05  -4.8214479056092E-06
   3.2605520611075E-07  -2.2918391396634E-05  -1.0561200653590E-05
   1.6161812273483E-05  -6.5885495103502E-06   1.3762749384208E-05
  -2.9549743650350E-06   3.0461435997171E-06   2.2933278632478E-06
   6.1686020315057E-07  -1.3453111392344E-05   7.0320969781839E-06
   1.6024074424040E-05  -1.3298931108770E-05   4.0993126384481E-06
   6.5127422747376E-06  -2.7041598509550E-06   8.3241764551775E-06
   3.3830213121429E-06  -2.9982978516905E-05   1.9690673616118E-06
   9.4090409335994E-06  -2.1818386792481E-05  -5.1704074059641E-06
   1.4167927174542E-05  -9.1615376817779E-06  -4.1372806872068E-06
   2.8408016772635E-06  -1.3577319732710E-05  -3.4280748054002E-06
  -1.7082510370936E-06  -1.3558976254407E-05  -2.3957214150029E-06
$end
