           1           2   1.0522002872827401     
           2           3   1.0022398262926899     
           3           4  0.98356278427642296     
           1           5  0.92105408886471152     
           4           5   1.0039482842006713     
           5           6  0.95799485526248829     
           6           7  0.99706652685055641     
           6           8  0.99928513683079101     
           5           9  0.96498883696437177     
           9          10  0.99631571824949416     
           9          11  0.99635625074870082     
           2          12   1.0014028600610472     
          12          13  0.98572659521646022     
           1          14  0.93615419619840556     
          13          14  0.99706777874354224     
          14          15  0.96166082178907208     
          15          16  0.99837272825051959     
          15          17  0.99694627241419154     
          14          18  0.96283129120367916     
          18          19  0.99560200781574038     
          18          20   1.0006575677146101     
           3          21  0.95607477750406900     
           3          22  0.95905267335919353     
           4          23  0.93089420204076090     
           4          24  0.94277216718264423     
           6          25  0.92805441685627810     
           7          26  0.98109295601042856     
           7          27  0.98054810449020990     
           7          28  0.97662593614250293     
           8          29  0.95162587880149740     
           8          30  0.98328314036007447     
           8          31  0.97847767746576730     
           9          32  0.93523335815217368     
          10          33  0.98144623988433799     
          10          34  0.97423944090422943     
          10          35  0.96803586136125197     
          11          36  0.98069964943360022     
          11          37  0.95898125025484005     
          11          38  0.97588852663139536     
          12          39  0.95280842448684044     
          12          40  0.96037389399531770     
          13          41  0.94490098446964110     
          13          42  0.93601521580267144     
          15          43  0.93631187166953611     
          16          44  0.97843460502234536     
          16          45  0.96404644771861125     
          16          46  0.98071140863492434     
          17          47  0.97972556148354817     
          17          48  0.98064473286605192     
          17          49  0.95631505157359820     
          18          50  0.93822938614107709     
          19          51  0.98470405743930378     
          19          52  0.96372343194035226     
          19          53  0.97604581069436780     
          20          54  0.97126419544430542     
          20          55  0.98144632311346736     
          20          56  0.98058783006681527     
           1          57   1.5011158325949274     
           1          58  0.34302022023471435     
          57          58   1.9787750376137618     
           1          59  0.84746585617661974     
          60          61   1.0008160087281961     
          61          62   1.0030641182666014     
          62          63   1.4066983247164755     
          63          64   1.4525742406960258     
          62          65  0.10977644724969168     
          64          65   1.4321998461478942     
          63          66  0.11206167388046136     
          65          66   1.4437797194704221     
          62          67   1.4192329058353483     
          64          67  0.11002751760584240     
          66          67   1.4392205023844720     
          60          68  0.81810602950100142     
          61          69  0.95257092802632426     
          61          70  0.95985667051943824     
          63          71  0.96982053899003395     
          64          72  0.97118739200408366     
          65          73  0.97161233297097316     
          66          74  0.97122672095262175     
          67          75  0.96719715145792773     
