   -0.45622668
   -0.17845988
    0.04450599
   -0.03570054
   -0.02550991
    0.00267488
   -0.10235905
   -0.08773952
    0.00458122
   -0.09810704
   -0.10090732
    0.04858790
   -0.03783503
   -0.03931320
    0.00327521
   -0.09866734
   -0.10067178
    0.00978543
   -0.09986957
   -0.08298446
    0.02593274
    0.00067342
    0.04834172
    0.05497643
    0.05647888
    0.04563297
    0.04438155
    0.04386103
    0.03769290
    0.03831207
    0.05884643
    0.05534681
    0.04001017
    0.04919883
    0.06113805
    0.05436671
    0.04606635
    0.04223380
    0.01112122
    0.00818260
    0.06280262
    0.04885221
    0.05814136
    0.04469005
    0.04427621
    0.05427311
    0.04454127
    0.04039088
    0.05685877
    0.05431329
    0.04167079
    0.04297045
    0.04498465
    0.06406273
    0.03674417
    0.03113585
    0.19071872
   -0.26858998
    0.18665236
   -0.27859818
   -0.45808963
    0.08258446
    0.00182159
   -0.03588691
   -0.02800582
   -0.03305331
   -0.03302953
   -0.03137109
    0.31864759
    0.04242186
    0.02602940
    0.03000865
    0.03172356
    0.02979002
    0.02758358
    0.03608027
