$grad
  cycle =      1    SCF energy =   -99.08081836350   |dE/dxyz| =  0.000231
    0.79493522979109     -0.09883197626502      0.30906984029303      Mn
    0.58226544944517     -3.52620315531233      0.87224280905248      N 
    2.63828865243910     -5.35895162681252      0.61516707820946      C 
    4.64885962634973     -4.52555314689026     -1.28439445021571      C 
    4.60256759519390     -1.05021697180382     -1.29828296904035      P 
    5.30686924576042     -0.23037488581601     -4.66695218582985      C 
    7.78697510949004     -1.30968189538496     -5.67572959121854      C 
    3.09459258386214     -1.02184880035644     -6.34934711225066      C 
    7.62180172830562     -0.20900917538898      0.30246316796597      C 
    7.51933214975323     -1.03326161722849      3.06345576146090      C 
    8.04543945473651      2.63866481081451      0.11816094814402      C 
   -1.56743739404100     -4.93179258347732      1.88490210944911      C 
   -3.81505827703120     -3.25219406880715      2.57809503187980      C 
   -3.37519673059258     -0.30344991847434      0.80739207016068      P 
   -5.41143211312870      2.01031012455260      2.50854884809844      C 
   -5.26729120577900      4.53985399675736      1.12522076494881      C 
   -4.55266950804245      2.33722540689188      5.24257137432452      C 
   -5.15518491939150     -0.76266237393889     -2.22273803593089      C 
   -8.02032909944656     -1.00055014650609     -1.96531085303288      C 
   -4.07418476200203     -3.04412408941700     -3.62752114028626      C 
    3.50065971630116     -5.67669015974189      2.48375263006207      H 
    1.86503696901425     -7.19612867995398     -0.00018841335304      H 
    6.51401927587898     -5.27612036420374     -0.81420296836356      H 
    4.12350783599735     -5.17524938476225     -3.17553309433641      H 
    5.39260935920640      1.84419134612193     -4.68154828809695      H 
    7.92411946510367     -0.92338365045251     -7.69360514477523      H 
    7.87139690832192     -3.34852460368510     -5.41194933132309      H 
    9.41774786238620     -0.45673639122785     -4.76382399889660      H 
    3.26985590997777     -0.15444761125336     -8.20761558747403      H 
    3.03776697477233     -3.06352558692050     -6.60744294432419      H 
    1.30720236056109     -0.40561398046956     -5.52327272093048      H 
    9.15395023515662     -1.23345573817391     -0.64792221988686      H 
    9.30573984917449     -0.61438984032190      3.99681871183398      H 
    7.15536844179399     -3.04860515153293      3.24722043411962      H 
    6.02471903776801     -0.01756085826067      4.04523406637514      H 
    6.35495019192466      3.63303799240675      0.75957970077533      H 
    9.62498307501368      3.20489828483821      1.30969497145378      H 
    8.45217726794728      3.22578203214278     -1.80954364004051      H 
   -0.95067283127654     -5.99709487701661      3.56956470343596      H 
   -2.16574743180861     -6.35782066800517      0.48387507465608      H 
   -3.73628955599699     -2.76512497910001      4.58422209860377      H 
   -5.62299253811636     -4.16878575386653      2.18559856602812      H 
   -7.35497753799867      1.29164499196820      2.49881742317832      H 
   -5.94902435026315      4.39667756927360     -0.80953425766207      H 
   -6.39433849847914      5.95791431614035      2.10220630292295      H 
   -3.30917061862742      5.18435869871582      1.07532465017674      H 
   -5.54730209140059      3.92017611530531      6.10235509530778      H 
   -4.93798280907652      0.66909032355772      6.37789948297496      H 
   -2.53499341520731      2.73491491950841      5.31836515773081      H 
   -4.70611287353854      0.93938057546262     -3.32900750333581      H 
   -8.53354510572026     -2.44879352546438     -0.59602939958263      H 
   -8.88863193856178      0.77490314161326     -1.40543653964437      H 
   -8.81659461650744     -1.54163563108285     -3.78603312863399      H 
   -2.01084655038971     -3.03217074351325     -3.54195840639887      H 
   -4.76291407166067     -4.79955322920831     -2.80326749266739      H 
   -4.63475503574490     -3.00323430261487     -5.60857366974305      H 
    0.50300172839255      2.54006743789544     -1.70447767762867      C 
    0.33158832588748      4.31712340433860     -2.99831870616620      O 
    1.63898703360174      1.97148075177551      2.77839729180424      C 
    2.20556598181886      3.35635647343884      4.41039766034034      O 
    2.54267905400227     -3.14033438530556      6.54343319405758      O 
    2.32762250786692     -1.56026579176173      8.67256589618087      C 
   -0.33828115772408     -1.32517646771251      9.66409063100971      C 
   -1.13499088970085      0.87808008057046     10.84605460446802      C 
   -3.56242534607462      1.06235061212765     11.80108331044200      C 
   -5.22548882482721     -0.94637433149740     11.56757129170561      C 
   -4.44739051542173     -3.14495873276708     10.37999384310679      C 
   -2.01266988073452     -3.33409025272642      9.44224343751806      C 
    1.72954939171644     -2.30287613105762      5.12283787337994      H 
    3.51766042981219     -2.43264645455148     10.13033069139033      H 
    3.09115965929051      0.32784110105778      8.27052389205984      H 
    0.15491735558056      2.45250712895551     11.01439441788014      H 
   -4.16291442251003      2.78249345485627     12.72208955741103      H 
   -7.12278614180488     -0.79777490304948     12.30728606838604      H 
   -5.73574954793974     -4.71941739242088     10.19177277273318      H 
   -1.38275574751859     -5.05259229592348      8.53367065770475      H 
   2.9449036842337E-05   8.5028958180544E-05   1.2178639893257E-05
  -1.1002257068739E-05  -1.2315741267130E-04   1.5550451927178E-05
  -9.4311089660775E-06   1.9189009823502E-05  -6.7662143814768E-06
  -3.2669157552217E-06  -1.4209265683300E-06  -1.5837576153596E-06
   1.8902942640567E-06   1.1350517399825E-05  -3.8515543352118E-06
   2.9292370521732E-06   3.2179142742012E-06  -5.9809994172172E-07
  -4.8342561136863E-06   3.9748600169653E-06   3.2459728592436E-07
   6.8298300937159E-06   3.5996101569375E-06   2.8428927828591E-06
   1.0370921842297E-06   5.7119216023724E-06   9.2041114759724E-07
  -1.7376634911775E-05  -1.3522391228674E-05   2.6160219317941E-05
   2.1292576434534E-06   4.7943851707368E-06   4.3264184151048E-06
   1.4243115156330E-05   1.8920198109596E-05  -7.5727089211883E-06
  -1.5680142419999E-06  -2.4374417980466E-06  -1.4106191271586E-06
   9.2917643163611E-06   7.3649128407661E-06   9.2265699895069E-06
  -1.0594400579290E-05  -5.0686244230374E-06   4.4628882635310E-06
  -3.4856583676071E-06  -2.9917325055250E-06   5.8029712479877E-06
  -5.5231768227885E-06  -4.1859612889645E-06   1.0752408977174E-05
  -7.6014158832125E-06  -1.7358381214159E-06  -2.7242826255284E-06
   4.7684121209020E-06  -1.7059401445149E-06  -3.5947288550071E-07
   3.1924884744033E-06   5.2218273034438E-06  -1.1721654904580E-06
   1.3993851278068E-07  -1.2238516607052E-05   4.0382482050600E-06
  -6.9979568076917E-06  -6.8287665939209E-06  -1.1631068773960E-05
  -3.7451148661988E-06   6.5576764450347E-06   2.0475404497581E-06
   7.2535973564704E-06   9.9664160818563E-07   2.0491890668201E-06
  -1.3473197807413E-06   3.1627765082123E-06   1.0207690500872E-06
  -1.4800576750628E-06   8.6798230232842E-06  -1.6757361569821E-06
  -2.6721733509400E-06  -6.0136567706864E-06  -6.7702310188004E-06
   4.9397246492930E-06   7.2411958835473E-07   4.9631479740116E-06
  -2.6046237513361E-07   3.5339106794745E-06  -1.3687438544431E-06
  -5.6354786313969E-06  -5.4846056515005E-06   3.5906805352517E-06
  -1.1291700499401E-05   9.2143719528430E-06   7.8468028592839E-06
  -1.3530180179567E-06   2.8119366196247E-06   7.4650988965931E-07
  -1.2818587305906E-05  -8.0596490757319E-07  -6.7623250592795E-06
   2.2606279638820E-05   1.8543364774300E-05  -9.6375856894073E-06
   1.7718900396215E-05  -2.9157835403402E-05  -1.0412728455531E-05
   1.2621115709640E-05  -1.1653568384596E-05   1.3010360322677E-05
   6.1297311514160E-06  -6.4612857249475E-06  -1.5647778183877E-06
  -1.3810917150404E-05  -2.5078657683793E-06   1.5852312577952E-05
  -3.0650594793661E-06  -2.7266441690425E-06   2.8547351689888E-06
  -4.0815095866594E-06  -5.8481275564429E-06  -5.2346956540846E-06
   2.0814018084728E-06  -1.1941377680158E-06  -3.8059042628256E-06
  -3.0732908287281E-06  -1.2159633900312E-06  -1.3329645581837E-06
  -6.8359828301306E-06  -3.6981487005960E-06   2.2306004404609E-06
  -1.4623915854368E-06   8.4631135796752E-07   5.7179857562196E-06
  -5.2956338394358E-06  -6.9475594265955E-06   4.1705472485120E-06
   1.2297025551175E-06   9.1831343905542E-06   5.0988147971772E-06
   7.1192662223536E-06  -2.0578120467915E-05  -1.8702952224064E-06
   1.2522556102158E-05   5.2037010274546E-06  -1.6911790387046E-05
  -3.1236611233463E-06   4.0236491832445E-06  -2.6061505350135E-06
  -8.2327026462149E-07   1.1319676742166E-06   9.2908814404012E-07
   3.5151620843754E-07  -6.8075400809146E-07   3.7042696101339E-06
  -5.1219943919941E-06   6.8993228565703E-06  -4.2603713922545E-06
  -5.1458293071071E-06  -9.8055353991596E-06  -8.7851929406549E-06
   1.9813863080161E-06   4.1172575507636E-06  -5.9128606377623E-06
   4.5022512129249E-06  -2.4411592026511E-06   3.5526156335830E-06
  -6.5830300748714E-06  -2.6949840617380E-06  -4.5785075055187E-06
  -2.0718699947606E-05  -2.3962816733526E-05  -2.7988329289536E-05
   1.3989493116135E-05   2.4283253403052E-05   7.0638788263080E-06
  -2.0698397117889E-05   1.1020786848498E-05  -5.8257064137827E-05
   2.1999377968077E-05   2.9351165860217E-06   4.2437633029175E-05
  -9.2109549515548E-06  -2.0002622282778E-05   1.5613117470291E-05
   4.6391408837816E-06   4.1526342956317E-07   1.2272495035005E-05
  -5.3999213121302E-06  -2.2913490522400E-05  -2.8860746648031E-05
   1.2471099359147E-06   1.2281921957501E-05  -3.7751709753076E-06
  -5.5133986675502E-06   1.2408985282456E-05   2.9714276060233E-05
   6.5060549614664E-06  -1.9236220343472E-05  -2.6143489341768E-05
  -2.5194942024876E-05   2.9314159372946E-05   1.5608009899792E-05
   1.5323972252354E-05   1.5036191662056E-05   1.8985032406492E-05
   8.4705147476689E-07   1.5873508007823E-05  -2.8553930489158E-05
   1.0186402184735E-05  -3.4538077040399E-06  -7.1655254247288E-07
  -1.0740709602762E-05   3.6094139712140E-06  -2.5472323631945E-06
   1.4195742632415E-05   7.5737073100490E-06  -4.3596745209473E-06
   9.6647488646259E-06  -2.4572862096725E-05  -1.8895575256132E-05
  -1.0058700409473E-05   1.4351863321251E-05   7.9481248551022E-06
   8.2636773916293E-06   2.0333171335114E-05   8.9876953980654E-06
   4.4233348705316E-06  -1.4090134211145E-05  -3.3443791477804E-06
$end
