           1           2   1.0482916909910036     
           2           3  0.99591841556295035     
           3           4  0.98280043474420709     
           1           5  0.84996612917510961     
           4           5   1.0108488611607851     
           5           6  0.97786272256691475     
           6           7  0.99479221826676723     
           6           8  0.99445888042694619     
           5           9  0.98099338790941604     
           9          10  0.99490566898931565     
           9          11  0.99582329697069327     
           2          12   1.0004372457157251     
          12          13  0.98121924436991426     
           1          14  0.86818557204613345     
          13          14   1.0136298179683494     
          14          15  0.98256533482747366     
          15          16  0.99426005644880444     
          15          17  0.99551127088819213     
          14          18  0.97110822728266621     
          18          19  0.99446431545114278     
          18          20  0.99261644473634747     
           3          21  0.95434476257313539     
           3          22  0.96316959027634175     
           4          23  0.94209909985218554     
           4          24  0.93743369220962669     
           6          25  0.92960393670819874     
           7          26  0.97995502962927417     
           7          27  0.97954551293836711     
           7          28  0.98007195737679487     
           8          29  0.98289119443404904     
           8          30  0.97873799358604729     
           8          31  0.95048701445943451     
           9          32  0.93056849923889118     
          10          33  0.98149224574410543     
          10          34  0.97294816633977899     
          10          35  0.96315920931437948     
          11          36  0.96589455328080387     
          11          37  0.98125211023907088     
          11          38  0.97868435673653420     
          12          39  0.95859795358695110     
          12          40  0.95672387686436999     
          13          41  0.92969914664638886     
          13          42  0.93951482676654430     
          15          43  0.93133008299248410     
          16          44  0.97507861769104298     
          16          45  0.98150023282570276     
          16          46  0.96874639550238839     
          17          47  0.98028045548060116     
          17          48  0.97553104596503870     
          17          49  0.96388317333664297     
          18          50  0.92753432204369490     
          19          51  0.97792925901902661     
          19          52  0.98068348801043959     
          19          53  0.97963202165597529     
          20          54  0.94718458311234943     
          20          55  0.98117493373124143     
          20          56  0.98443651122388875     
           1          57   1.4199612386478628     
           1          58  0.33003615996516800     
          57          58   1.9752770233514441     
           1          59   1.5108472098730772     
           1          60  0.34632229741370280     
          59          60   1.9475970318276512     
          61          62   1.0013582873823905     
          62          63  0.99558893891236278     
          63          64   1.4117190441488967     
          64          65   1.4471462942897413     
          63          66  0.11002486267812278     
          65          66   1.4356188704612287     
          64          67  0.11168995910788879     
          66          67   1.4392785841912876     
          63          68   1.4151995544263083     
          65          68  0.11084157122699707     
          67          68   1.4410056110981138     
          61          69  0.85141215739124820     
          62          70  0.95684677579567645     
          62          71  0.96388204383967380     
          64          72  0.96916144822781236     
          65          73  0.97107126459449367     
          66          74  0.97152669287945659     
          67          75  0.97124376402883517     
          68          76  0.96697044553564715     
