           1           2  0.98602764000790422     
           2           3   1.2152755240337658     
           3           4   1.6457313002910219     
           4           5   1.1671981920939485     
           5           6   1.3279520665908984     
           6           7   1.4983241456844834     
           7           8   1.3792936478624673     
           6           9  0.11092728637280987     
           8           9   1.4912108446578491     
           5          10   1.2966374711024762     
           9          10   1.3516943062902091     
           2          11   1.1022696707361044     
          10          11   1.0759838328294464     
           2          12  0.14114463637220706     
          11          12   1.6521481718322160     
           1          13  0.97170676934625388     
           1          14  0.97312740845184198     
           1          15  0.97316471288371220     
           3          16  0.94961276946554052     
           6          17  0.96590099604932955     
           7          18  0.96895903438769027     
           8          19  0.96930319191686920     
           9          20  0.96630075947582328     
