   -0.43614578
   -0.21042164
    0.02637110
   -0.05246293
    0.00938854
    0.01891139
   -0.02359797
   -0.02807779
   -0.02786644
   -0.02772997
   -0.02673844
    0.02213368
   -0.01945301
   -0.02826130
   -0.02840175
   -0.03150338
   -0.02571182
    0.02960284
   -0.04676730
   -0.00558346
    0.01993844
   -0.02469255
   -0.02695074
   -0.02695236
   -0.02709275
   -0.02141713
    0.01805909
   -0.02242144
   -0.02774935
   -0.02612225
   -0.02774611
   -0.02592978
    0.01763209
    0.03317511
    0.08080215
    0.05557310
    0.05491455
    0.03385231
    0.03374462
    0.03282832
    0.03132441
    0.06003345
    0.03749011
    0.03821229
    0.03599392
    0.03948422
    0.01249834
    0.03673407
    0.05500152
    0.06708977
    0.03684595
    0.03602493
    0.03672588
    0.03697293
    0.04099681
    0.05552395
    0.03671638
    0.03686230
    0.03646793
    0.03578694
    0.18185468
   -0.25751580
   -0.37218123
    0.21042532
   -0.01288932
   -0.00563492
   -0.01961220
   -0.01650858
   -0.02487701
   -0.02444869
    0.25848499
    0.01016756
   -0.19314230
    0.06134376
    0.05390734
    0.04855735
    0.04639876
    0.04175431
