$grad
  cycle =      1    SCF energy =  -115.17138222618   |dE/dxyz| =  0.000252
   -0.45187674654539     -0.44389729533356     -0.90710368772984      Co
    0.56609856704164     -4.20050009995863      0.35240964877751      N 
    2.94931088468559     -5.41402975442015     -0.22662337267987      C 
    4.68183866198828     -3.54385117039510     -1.61828384091927      C 
    3.61748821700543     -0.20238761393435     -1.27319038101602      P 
    5.43972377343623      0.84358226136281      1.45910505197535      C 
    5.08818688546006     -0.44225169015326      3.72883634296682      C 
    6.34724382019038      0.31473150460646      5.88673584052168      C 
    7.95126540808334      2.38499773990959      5.80900885221682      C 
    8.27061233816896      3.70086653903659      3.56982846701275      C 
    7.01603129037565      2.94451856956622      1.40206714672626      C 
    5.28550915815028      1.34183520087006     -3.85842426711254      C 
    4.01849367078710      3.24971867579870     -5.14465014985334      C 
    5.19364171880735      4.53956163171312     -7.09169522847592      C 
    7.64072181317362      3.91385870477214     -7.77572302006073      C 
    8.91299141610429      2.01083987761920     -6.50085625475334      C 
    7.75126429462538      0.73198691022372     -4.53943225828813      C 
   -1.41619281224600     -5.77164299013339      1.39844246191251      C 
   -3.50478009461644     -4.04686605165942      2.42236614686493      C 
   -4.27064484534775     -1.59946303333591      0.02216077491875      P 
   -6.57534289193164      0.42820313617680      1.56678269703246      C 
   -6.71205837341876      0.79787085394971      4.16358605146852      C 
   -8.44679222741760      2.48649014590211      5.15645731001496      C 
  -10.03781559708609      3.83300344236547      3.57461371782254      C 
   -9.88279194802257      3.50434063457358      0.97951776857261      C 
   -8.15396475602857      1.82251257547598     -0.01762248035966      C 
   -6.35868376550956     -3.47330196815320     -2.01190869568543      C 
   -5.60304199231976     -4.16392314880757     -4.42704017361879      C 
   -7.14004687727847     -5.67274680030007     -5.91352879352738      C 
   -9.44599747629028     -6.49749643330996     -4.99368155573212      C 
  -10.21601562394955     -5.80756256067660     -2.58516088578967      C 
   -8.68263674290587     -4.30666737260675     -1.09672538506292      C 
    2.69698569137633     -7.11918567415850     -1.40484757061876      H 
    3.82644857241560     -6.02190494729486      1.55448807584901      H 
    4.66318071617435     -3.92038498033626     -3.65185010258974      H 
    6.63022771382279     -3.71727332851703     -0.95547270291098      H 
    3.79768408134771     -2.02425228875359      3.79129833562669      H 
    6.07329459859733     -0.69967331619270      7.63869419661130      H 
    8.93466756916013      2.98205575236273      7.49583431480411      H 
    9.49818601191537      5.33232832955885      3.50958771912043      H 
    7.26098567398932      3.99238897641385     -0.33530268044653      H 
    2.09571600641041      3.68683667557943     -4.59354153815136      H 
    4.20100252952398      6.02439020106648     -8.08016371644968      H 
    8.56283753760269      4.91223252619890     -9.29922127976317      H 
   10.82702408922385      1.53075637845284     -7.02867121913357      H 
    8.76471266483766     -0.72946380707484     -3.53617441090346      H 
   -2.20875180659488     -7.09356901507993     -0.01447835999619      H 
   -0.63399282221163     -6.90410183829627      2.95037338474095      H 
   -5.18993556141222     -5.12192670849780      2.94479146802761      H 
   -2.77735654667854     -3.05355098933641      4.08199285974435      H 
   -5.47248055057284     -0.22189001077173      5.42483214450707      H 
   -8.55092750482093      2.75515343617818      7.17847610557914      H 
  -11.38739783082043      5.14765903017530      4.36063361462560      H 
  -11.10652170798814      4.56747264008881     -0.26227899121576      H 
   -8.00363811061003      1.56357670761458     -2.04259690323960      H 
   -3.80924324653255     -3.49459272216332     -5.14262796121675      H 
   -6.53695894589339     -6.20142770669194     -7.79174170305234      H 
  -10.64941748496094     -7.67236978686039     -6.15111233685788      H 
  -12.01889371247003     -6.44406361301664     -1.86730662459637      H 
   -9.29161619797407     -3.75983763498285      0.77761141326885      H 
   -0.53783656312552      1.62029666191786      1.66778261038951      C 
   -0.72339409662324      3.30845966655956      3.05428419241861      O 
    6.24902837484145     -4.56968196535287     -7.68593606419607      O 
    6.50146698525160     -3.04619322565035     -9.37414600971822      C 
    4.59442092907030     -1.24376534813239    -10.22372681833672      C 
    2.25568206109237     -1.11127540510744     -9.01001153166374      C 
    0.46129351495142      0.61193836187451     -9.79304148640613      C 
    0.98020900573710      2.21304102179817    -11.80092364187544      C 
    3.29601995014387      2.09093609568199    -13.02687079775613      C 
    5.10085199521367      0.37737153359170    -12.24329079896950      C 
   -0.11756868458455     -3.37761364178327     -1.31865486540243      H 
    8.30590008063326     -2.93940564957825    -10.43446207902586      H 
   -0.69561155580085     -0.77018969194257     -3.64401559005377      H 
    1.88985002839394     -2.36130084333558     -7.43965731403935      H 
   -1.33048226198852      0.72194935141255     -8.82337378452608      H 
   -0.42265744851517      3.56364944242378    -12.41387548414745      H 
    3.68788548784413      3.34282641550439    -14.59089813638001      H 
    6.91105184278809      0.27731031839433    -13.18457776812573      H 
   2.0999400592786E-05  -1.3355058979264E-04   2.6207452140323E-05
  -2.0270434540488E-05   6.0480671865820E-05  -3.2488546342767E-05
   5.0379566950876E-06  -3.1909262476197E-06   2.7427268119183E-06
  -2.1360332711126E-05   1.2031333525572E-07   6.9194904109036E-06
   2.6904128581204E-05  -1.0781628554136E-05  -2.0644302574053E-05
  -1.8021468168965E-05  -1.1514398522676E-07   1.6119331585241E-05
  -5.9517236056809E-06   6.1997406163748E-06  -1.1469162705608E-05
   2.5030711828136E-05  -4.2898884032727E-06   6.7506215631403E-06
  -6.1448157627679E-06  -1.3197387649386E-05   8.8362437436329E-06
   7.0641228202541E-06  -1.4853163179126E-05  -1.5259288274187E-05
   1.3920890734163E-05  -7.7343362113621E-07   1.2191960739332E-05
   4.1424186111998E-06   5.2621921169488E-06  -4.4672945359495E-06
   1.2922798245311E-05   5.8044583924400E-06   9.3484023087077E-06
   1.7210760284805E-05   1.9074270493311E-06   1.3835648183623E-05
  -2.0129032710062E-05  -1.1335138302344E-05  -2.2051814004075E-06
  -1.3913029863531E-05  -2.0422650627683E-05  -1.6295936619624E-05
  -1.1443077808297E-05   1.8179952109259E-06  -3.5395896967436E-06
   2.1344874305939E-06   2.0275696789766E-06  -7.3090207712945E-07
   1.3783977722835E-06   2.9447098466889E-06  -1.5832444686537E-06
   5.6408025187730E-06   1.5676903373016E-05   1.6387548581530E-05
  -1.1773754472845E-06  -1.0136047470126E-05   2.9672500645759E-06
   9.4717963975744E-06  -2.9347658989636E-06  -1.3120798176514E-05
  -9.1856935733732E-06   1.3248111434733E-05  -5.4467312619962E-06
  -1.6298091214223E-06  -6.0258413673035E-06   3.9091107249828E-06
   5.0901535731733E-06  -7.0532476208685E-07  -1.3972193374527E-05
  -1.1509451935861E-05   8.3486710740992E-06  -7.9201402937952E-06
   9.5662054969964E-06   6.7974015703164E-06  -1.6223575764609E-05
   6.7988172894298E-06   3.2132867967234E-07   1.8797350053006E-05
  -1.5624780192580E-05  -2.1746019067536E-05   5.8384736313537E-06
   7.8090780236260E-06  -2.0270570468724E-06  -7.3566581066133E-06
  -3.0780569835711E-06   9.6621878222819E-06   1.7978409225551E-05
  -2.0415147422735E-05  -3.0256415227042E-06  -5.1380895381129E-07
   4.4288345918183E-06  -5.1521563292103E-06   5.8704237096457E-06
  -1.1848271090168E-07   5.5926961845849E-06   3.1587818165493E-06
  -9.8337234483301E-06   2.3175910147936E-06   2.0798636943018E-07
  -9.6610257749087E-06  -9.6706439821782E-06  -1.4583140313330E-05
   3.3543254968659E-06  -1.1369263480195E-05   3.7411867304661E-06
   2.1897603497761E-07  -5.8455714133305E-06   1.5981024158460E-06
   5.5991832581945E-07  -2.7494796583106E-06   4.0484043996727E-06
  -4.3898410398053E-08  -3.2828275641811E-06   5.7146346810471E-06
   2.2714237958711E-06  -4.8213447017325E-06   5.8328239721543E-06
  -2.4669349084827E-06  -5.0161534218271E-06  -7.3116029223204E-06
  -2.9458528987248E-06  -1.1360516893563E-05  -1.0962384485958E-05
  -6.1351895893143E-06  -6.4650694196801E-06  -4.8088323756347E-07
   2.8097943069448E-06   2.2524957156067E-06   8.6960957128878E-06
  -1.2923757244832E-06   4.7395338753535E-06   1.1210755732008E-05
   1.0605989303458E-06  -3.8477553493971E-06   3.8321353951793E-06
   6.6786575240596E-07   5.5262130439049E-06   6.0433311555064E-06
  -1.0411381631064E-06   2.1286510490305E-06  -2.9389551774529E-06
  -4.5027312065665E-06   4.0663436267932E-06   7.1403601594825E-07
   5.8957089115687E-06   1.2601138396920E-05  -1.9813662781949E-06
   2.0310570122867E-06   4.3556861633047E-06  -4.9930621992904E-06
  -9.8140743871526E-06  -5.2728009760723E-06  -7.9324790669578E-06
  -1.0043990352689E-05  -8.1755948439304E-06  -4.7148234633230E-06
   1.8630769064808E-06  -4.3113608983299E-06  -4.2445725294824E-06
  -3.6856994315836E-06  -1.1329966338900E-05  -5.6497466108502E-06
  -1.5138948817821E-06  -1.2760086442563E-05   6.7383690979127E-06
  -7.0750344763877E-06  -8.1278368362918E-06   1.4434000317664E-05
  -5.6280395035317E-06   6.9445047733797E-06   3.3770244402878E-06
   2.1632554353782E-06   1.5038985727809E-05  -4.6432793046445E-07
  -4.5928041154550E-05   2.5196229005547E-05  -2.8879654281395E-05
   2.6917451969348E-07  -1.7843737154742E-05   4.3796785360387E-06
   3.4323049426208E-05   3.2423913255660E-05   3.8432105706695E-05
  -3.6179095941627E-05  -4.9333823965067E-05  -6.8959840848243E-05
   1.8309885273408E-05   2.6543198146441E-05   1.8958112616756E-05
   3.3606155242361E-05  -3.1041019994754E-06   7.3695424060579E-06
   1.8728330150757E-06   1.6476308375369E-05  -1.9392264456425E-06
   3.0631016049667E-06   6.4387226869265E-06   4.3466144232344E-06
   3.7704507225482E-07   9.7143400096501E-06  -1.1667820963354E-05
   2.2570103082387E-06   7.7131382916875E-06   3.9684425680174E-06
  -6.5888674917534E-06   6.1039484574591E-05   7.4474185484925E-06
   1.4135341313237E-05   1.7173846445636E-05  -4.5130595613419E-06
   2.1830940706796E-05   6.3491027783426E-06   1.0416042766880E-05
   4.9152445794504E-06   1.5212431743608E-05   6.5311109009579E-06
   4.9788979651567E-06   1.1544410099950E-06   7.6134572030442E-06
  -5.2247946566071E-06   6.0017092419175E-06  -2.2452203428789E-06
  -3.5155979220946E-06   3.6292685212132E-06  -3.3183042972114E-06
   4.7062714596126E-06   7.7010834423982E-06  -2.4928118235475E-06
$end
