           1           2  0.25423885373423077     
           2           3   1.0083882810697984     
           3           4  0.98916193307573319     
           1           5  0.85893056801256962     
           4           5  0.99017323964673420     
           5           6  0.98672838724951817     
           6           7   1.3792710457717434     
           7           8   1.4557870231901169     
           6           9  0.10464723983259525     
           8           9   1.4278827500740459     
           7          10  0.10930146350934951     
           9          10   1.4403562751186287     
           6          11   1.3915361916969042     
           8          11  0.10669995440882712     
          10          11   1.4419014252423730     
           5          12  0.98868965142544873     
          12          13   1.3949628282964157     
          13          14   1.4403857012787467     
          12          15  0.10572891401467394     
          14          15   1.4411614953105143     
          13          16  0.10722567864833488     
          15          16   1.4300326161907382     
          12          17   1.3839494914268571     
          14          17  0.10987534370403491     
          16          17   1.4498854732744224     
           2          18   1.0090801960403919     
          18          19  0.98929978646622507     
           1          20  0.86016571247764628     
          19          20  0.99437081275282380     
          20          21   1.0019318048704897     
          21          22   1.3919209178951515     
          22          23   1.4414557067951159     
          21          24  0.10455782704512867     
          23          24   1.4403496768467297     
          22          25  0.10668680994743134     
          24          25   1.4276241581578175     
          21          26   1.3743612806226515     
          23          26  0.10911227872769981     
          25          26   1.4571475336408963     
          20          27  0.97466970772009287     
          27          28   1.4039678802510815     
          28          29   1.4360232719526540     
          27          30  0.10598046815353185     
          29          30   1.4449585894073256     
          28          31  0.10707692445548443     
          30          31   1.4269639998076735     
          27          32   1.3779933053085087     
          29          32  0.11108316504668131     
          31          32   1.4561922328229127     
           3          33  0.96511273764066563     
           3          34  0.96968566389428668     
           4          35  0.93315542661686557     
           4          36  0.94404239840231563     
           7          37  0.95288652734389534     
           8          38  0.96965495766843035     
           9          39  0.97120301640155215     
          10          40  0.96973600189289788     
          11          41  0.96058237036005667     
          13          42  0.94802462296757695     
          14          43  0.96936085608363687     
          15          44  0.97064647236475843     
          16          45  0.96932271331498565     
          17          46  0.96177964694520746     
          18          47  0.96277716214717235     
          18          48  0.96758078066230535     
          19          49  0.94379832352877735     
          19          50  0.93798584913297400     
          22          51  0.95994838732864385     
          23          52  0.96966917378761042     
          24          53  0.97100516951840166     
          25          54  0.96936020479688312     
          26          55  0.95554752210754468     
          28          56  0.94996145970526735     
          29          57  0.96977045674255269     
          30          58  0.97087421084658132     
          31          59  0.96910010231167276     
          32          60  0.95974807157479913     
           1          61   1.2468760587656724     
           1          62  0.27692095016629498     
          61          62   2.0887030585557014     
          63          64   1.8298845525819225     
          64          65   1.0793318375394958     
          65          66   1.3632848305242131     
          66          67   1.4577839262811239     
          67          68   1.4307430451565806     
          66          69  0.10267955489044250     
          68          69   1.4231865054513897     
          65          70   1.3611577934423402     
          67          70  0.10452339420596127     
          69          70   1.4659518097860289     
           1          71  0.13437122718949712     
           2          71  0.74733082914284266     
          64          72  0.93178070732717522     
           1          73  0.75357058789476805     
          66          74  0.95986436090081639     
          67          75  0.96747437050758123     
          68          76  0.97024343016688919     
          69          77  0.96964648001985854     
          70          78  0.96726221308194815     
