           1           2  0.96159040311001476     
           2           3   1.1513527731220836     
           3           4   1.5366353840338984     
           4           5   1.1372488947871160     
           5           6   1.3579460614698586     
           6           7   1.3755344916613961     
           7           8   1.3879533355045544     
           8           9   1.4394996112600478     
           5          10   1.2522948099785396     
           9          10   1.2818650461114505     
           2          11   1.0218851098505073     
          10          11   1.1491010528232555     
          11          12   1.4739479044880464     
           1          13  0.98208816978913660     
           1          14  0.98208899438687458     
           1          15  0.98805848633825166     
           3          16  0.96684184289809183     
           6          17  0.97539203335203906     
           7          18  0.97627775799369909     
           8          19  0.97642868090595325     
           9          20  0.97384844003500337     
