   -0.22722258
   -0.10753398
    0.00676418
   -0.06575455
    0.05427410
   -0.00852567
   -0.10849024
   -0.09682151
   -0.01766221
   -0.11446448
   -0.10768491
    0.01214799
   -0.06627860
    0.06245603
   -0.01904621
   -0.10726489
   -0.11158604
   -0.00671777
   -0.10737687
   -0.09218626
    0.06829992
    0.03767763
    0.07032265
    0.06074766
    0.05185657
    0.05004361
    0.04838276
    0.04857259
    0.03080717
    0.03343229
    0.06405795
    0.05606063
    0.05246645
    0.04400815
    0.06457599
    0.05163666
    0.05167524
    0.04100242
    0.04369200
    0.05109322
    0.07211309
    0.06474502
    0.05573715
    0.04264851
    0.05111996
    0.04652314
    0.05138785
    0.04664847
    0.06171317
    0.05285978
    0.04577449
    0.04849326
    0.04815776
    0.06325039
    0.03043166
    0.03300265
    0.18845604
   -0.21414606
   -0.36553351
    0.23195335
    0.01782680
   -0.00882963
   -0.03055465
   -0.02495950
   -0.02595062
   -0.01020964
    0.21387445
   -0.79369802
    0.00416697
    0.04834904
    0.04276227
    0.04500785
    0.03946536
    0.03597609
