$grad
  cycle =      1    SCF energy =   -93.65064364590   |dE/dxyz| =  0.000139
    0.45120517938835     -0.40543371879149     -1.22787354973422      Co
    0.38476580274362     -4.18620123570934     -1.36804340048125      N 
    2.53179757940619     -5.60495792257380     -0.35148562106847      C 
    4.98588602750171     -4.35080949492894     -1.20275085611356      C 
    4.57720051013802     -0.88861938326509     -0.82948379357247      P 
    6.80292466195062      0.51365599679649     -3.17611674593484      C 
    9.58761767299538     -0.15347472101440     -2.79351027177090      C 
    5.95274608440224     -0.16402531882104     -5.85009499817913      C 
    6.17302598465039     -0.22355877508859      2.24468899832196      C 
    4.93076718610191     -1.75441112184137      4.34973008607683      C 
    5.98009533276263      2.60347022494525      2.77906124568369      C 
   -2.06878728261381     -5.43754002945265     -0.96923688666237      C 
   -3.58893644125623     -4.10299104540731      1.09116772108227      C 
   -3.39669137696617     -0.67395687686025      0.38661631574006      P 
   -4.18723339818233      0.82975612517198      3.48060524088349      C 
   -4.66765973245851      3.65041495987469      3.10002913026136      C 
   -1.98950424928967      0.48177979233220      5.31283503434726      C 
   -6.26750895260029      0.01616503509856     -1.54894640715546      C 
   -8.79607324272862     -0.49019868949012     -0.24659264158701      C 
   -6.14651797933796     -1.37589196649484     -4.07255957199017      C 
    2.38708005484565     -5.62359168722637      1.70975061984288      H 
    2.47949869092651     -7.56964195083184     -1.02956219495371      H 
    6.61391711523500     -5.07010296871442     -0.15850982658091      H 
    5.25542822205968     -4.70967805621250     -3.21975249823294      H 
    6.54043871054393      2.55956562589178     -2.94118358265250      H 
   10.67269277548780      0.56147425670580     -4.38960392487705      H 
    9.84977908412697     -2.19146129437686     -2.70587347995967      H 
   10.35115736082726      0.69645362735679     -1.08691280505311      H 
    6.75580101957092      1.15074294507856     -7.21351652438084      H 
    6.55988373272405     -2.06131466545217     -6.35844377752047      H 
    3.90562291600331     -0.07110289243160     -6.00019704799425      H 
    8.16007313938886     -0.77669954569775      2.09029710331037      H 
    5.51074788103363     -1.03272493786479      6.18671056909080      H 
    5.47174124805441     -3.73453826827028      4.24787985410752      H 
    2.88380309404055     -1.60364816172196      4.21112935350214      H 
    4.00436655032715      3.18693387160750      2.76172847382653      H 
    6.78179098877082      3.04760965876546      4.62119000137484      H 
    6.98230952756657      3.70245826172507      1.35875088570217      H 
   -1.78227419433936     -7.43195696438096     -0.48143132675149      H 
   -3.12442659472209     -5.35226254424579     -2.73778964269986      H 
   -2.72497309492245     -4.43198205320094      2.93745953157004      H 
   -5.53315398021009     -4.79108311149496      1.13970188355689      H 
   -5.87409342771807     -0.09641180824623      4.24490795514456      H 
   -6.37101650198621      4.01026403241016      2.01017898433560      H 
   -4.86591083683811      4.58750312768375      4.92174590235522      H 
   -3.07557525648603      4.50037083896923      2.10617260335963      H 
   -2.40041616847256      1.41517950685549      7.09947573115690      H 
   -1.62820355827186     -1.50322417783155      5.70316057119071      H 
   -0.29490111424792      1.32920608450832      4.50715393517997      H 
   -6.08949597251908      2.04322102612820     -1.95647746699358      H 
   -8.97521879693737     -2.46718086283165      0.28942100762508      H 
   -9.06191359077939      0.67194419345048      1.42464493646125      H 
  -10.31616181697786     -0.05964316733744     -1.56592238031564      H 
   -4.26750384935811     -1.22996787249934     -4.88729729268131      H 
   -6.63795724758485     -3.36119026427764     -3.84944219234512      H 
   -7.46478542520717     -0.54850422337767     -5.41773568696957      H 
    0.52315833240919      2.82497740211451     -1.55676613410949      C 
    0.55487311103560      4.92389565834828     -2.15399590843072      O 
   -4.05829588013886     -2.12168805588149    -10.22920887502069      O 
   -1.78721101959268     -2.34352494540222    -10.19969730545316      C 
   -0.39260282335293     -4.46605388182523     -9.09932066057419      C 
   -1.68326705281225     -6.32469774134992     -7.75060589547798      C 
   -0.36282243759100     -8.22593253720878     -6.54389900073318      C 
    2.25362684398379     -8.29449408873641     -6.68941123161371      C 
    3.54533448368357     -6.46771144724410     -8.05475827065204      C 
    2.23218038878670     -4.55807591912560     -9.25758139470484      C 
    0.66289600856093     -4.06208843347204     -3.27227247701729      H 
   -0.12889751456038     -0.89518243178804     -5.33227192967185      H 
   -0.55642476851799     -0.86497641040398    -11.02839566933996      H 
   -3.71947112337098     -6.20553607514842     -7.65164317541703      H 
   -1.36626346527084     -9.65753750161853     -5.48780250331896      H 
    3.29068623415719     -9.77839300835542     -5.74279253912753      H 
    5.58338429635454     -6.54000536413888     -8.17787069455984      H 
    3.22377439349596     -3.10189341034888    -10.28922557936466      H 
   4.1623529973573E-06   1.8971160109664E-05  -5.1278193237850E-06
  -5.6410103649756E-06  -1.7389330479314E-05   3.2152204599444E-06
  -1.3676700370467E-05   5.8513522355649E-06  -7.3354321742535E-06
  -1.3559497961310E-06   1.7823493785087E-06  -5.8998322782807E-06
   3.3666459644644E-06   1.0691732654881E-05   1.1118221860317E-05
  -9.5415222335228E-06  -2.1328662611678E-06  -5.6714654691067E-07
  -3.3478252158453E-06   9.7394165769349E-06  -7.2384203986849E-06
   1.4623423117494E-06   7.2484412899696E-06  -5.6682925875104E-06
  -3.3193851389233E-06  -5.3831506108146E-06  -5.6833059459182E-06
  -4.3928849216937E-06  -2.6788593633425E-06   5.6877471683057E-06
   7.1666604551956E-06   1.9360201072722E-06  -4.5332113300414E-06
   1.0655134855258E-05   4.8293182197085E-06  -4.5821783402408E-06
  -2.1120860545143E-06   3.3073203602212E-07   1.1213717354742E-06
   2.8429920630611E-05   8.2067376500770E-07  -1.8125047373615E-06
  -8.3390225425314E-06  -1.0311719586193E-05   5.3625896346836E-06
   6.8135402933417E-06  -1.3502881001911E-06   1.7939647570936E-05
   2.8418919483172E-07   1.5460358329883E-06   8.4690521674071E-07
   3.2378574424800E-06  -5.3356693812074E-07   1.4403574713418E-05
  -1.4276270290088E-06   1.8698217487149E-05  -6.6398509666096E-06
   4.3931584782784E-06   1.5611877672456E-05  -1.4385731589587E-06
   6.3306540316723E-07   1.2411449656596E-06  -4.3314539723039E-06
  -3.3154380700728E-06  -2.6679880194753E-06  -4.9122897657503E-06
  -5.8782251403923E-07   2.9349361323215E-06  -5.0261250009458E-06
  -3.1971862877038E-06   2.7317471016097E-06  -3.5072902943301E-06
  -8.1979967066184E-06   4.8681141843737E-06  -5.9805256625011E-06
  -3.2744094454894E-06   1.3569520856176E-05  -1.7702501459906E-06
   2.6374679587869E-06   7.8053564186639E-06  -1.0558039509630E-05
  -4.6165281421670E-06   3.6046856385385E-06  -1.6091620497808E-06
  -1.4885042172487E-06   4.4162029035855E-06  -4.0995505303364E-06
  -7.0011425105215E-06   5.9472982852230E-06  -3.4421144898943E-08
   1.2598399423211E-05   5.7905260724051E-06   4.6914194034472E-07
  -2.2001780160719E-06   3.1285905359083E-07  -2.9753095562157E-06
  -1.1106447355777E-05   1.6541150724034E-06  -1.2153750519399E-05
  -1.7426298586925E-07   3.6833258988613E-06   2.9070031594381E-07
   3.1477680475570E-06  -2.6805561505320E-06  -1.1226081912747E-05
   5.2649086649264E-06  -2.3932076716625E-06  -9.5233619035951E-06
  -4.8437383727096E-06  -3.1636842544774E-08  -4.9844478915368E-06
   5.4063118287207E-06   2.9358506943059E-06  -2.2276613548893E-06
  -4.3581145096028E-06  -5.6429738370999E-06  -9.0365978045494E-06
  -8.6491030844855E-07   1.0124125809727E-05  -9.9240459842458E-06
  -1.1822085732895E-05  -4.8203507624630E-06  -8.0766211711243E-06
  -9.2982406191554E-06   3.1241960808310E-06  -1.6406213253441E-05
   5.6278100370925E-07  -3.3903030300053E-06   3.4082576925200E-06
   6.6311301407383E-06  -4.3624574463458E-06   1.6016735982818E-05
   1.8485671745986E-06  -1.7390109167920E-06   1.5823767215786E-05
   4.3841921299544E-06  -1.6921208993309E-06   1.2282370409714E-05
  -5.1139467643404E-06  -1.5479244213661E-05   7.5772738068910E-06
  -3.3081901889677E-06  -7.6693447940136E-06  -8.2712143664966E-07
  -6.3363440408125E-06  -1.1070355734226E-05   1.7166266105465E-05
   2.3242700278478E-06   4.4290401304640E-06   7.5785645249915E-08
   1.4164516853800E-06   1.2025709704001E-05  -4.3505016092685E-06
   2.2308510543033E-06   9.0453868801017E-06   3.1984752222445E-06
  -2.8668342330302E-06   1.5563038847118E-05  -2.1448672815423E-06
   1.4982369758957E-05   1.1823610665933E-05   1.6854437256576E-07
   2.5494372719882E-06   1.7126764769427E-05   4.4334683471492E-06
   1.4125509103569E-06   1.2696312009152E-05  -4.5527767931048E-08
  -1.3595094962547E-05   1.3118454623389E-06   1.9958045175987E-05
  -1.9639153309827E-06   8.8208741705167E-06  -7.5605792274772E-06
  -1.8150406362372E-05  -1.7844934817653E-05   1.2297727405203E-05
   2.3728361026040E-05  -2.1482296858721E-05  -1.9573379590148E-05
   8.3157422613737E-06   1.7092844913817E-06   1.1080714551930E-05
   1.4766867415701E-06  -2.4998219521308E-05   7.5629671881607E-06
   5.6919864115651E-06  -1.7439009746178E-05   1.0034245951557E-05
  -7.3558040017056E-06  -1.3254008308584E-05   4.1681076567427E-06
  -3.4680527371740E-06  -1.5260700768008E-05  -2.7725859866732E-05
   2.2153826133320E-05  -1.0834595246137E-07   1.6212432492291E-05
   6.2392223440309E-06   2.4467687088586E-06   1.1419696877596E-05
  -2.0425007042245E-05  -4.1325891769049E-06  -3.2249428716869E-05
  -5.1240391450186E-06  -1.1554697436868E-05   4.5506599847236E-06
  -5.1424634697709E-07  -5.6090540145604E-07  -2.2338881510663E-06
   1.7028583245647E-06  -9.8029936237858E-06  -7.0181911612042E-07
   4.9808463397779E-06  -7.1879843911289E-06   6.7231871978167E-06
   6.8274842346534E-06  -8.9499845137605E-06   2.6854620979231E-05
  -1.3964383064538E-06  -1.3803966199846E-05   1.0834269103240E-05
$end
