           1           2  0.48615186302014990     
           2           3  0.98943619651041292     
           3           4  0.99830725305098067     
           1           5  0.80859364410310153     
           4           5   1.0030163450232112     
           5           6  0.98194192182733087     
           6           7  0.99541927037688438     
           6           8  0.99690732899289425     
           5           9  0.96513928616574096     
           9          10   1.0004399743913754     
           9          11   1.0007427985037183     
           2          12  0.98195804818139332     
          12          13  0.99589559703800423     
           1          14  0.80389888101164331     
          13          14   1.0042520113620534     
          14          15  0.96761660036218811     
          15          16   1.0003913078182824     
          15          17   1.0017609121187985     
          14          18  0.97765272777676204     
          18          19  0.99571874933242865     
          18          20  0.99779345282330278     
           3          21  0.96402172869255442     
           3          22  0.96365493800568269     
           4          23  0.94468693393612235     
           4          24  0.94123037480416827     
           6          25  0.93379433273856283     
           7          26  0.97994882703757114     
           7          27  0.98067789958499341     
           7          28  0.98032107625588438     
           8          29  0.98412017190993084     
           8          30  0.98082143887108775     
           8          31  0.96508848242951051     
           9          32  0.93863240670777515     
          10          33  0.97982199763432121     
          10          34  0.98072175943226803     
          10          35  0.96308149073360216     
          11          36  0.97178937718387104     
          11          37  0.98039236403456220     
          11          38  0.97700493044576420     
          12          39  0.96561280043664188     
          12          40  0.96646101137241880     
          13          41  0.94204798620152808     
          13          42  0.94191157371859113     
          15          43  0.94040119538642664     
          16          44  0.97746283673198842     
          16          45  0.98039014511175604     
          16          46  0.97427294094966965     
          17          47  0.98000332147618052     
          17          48  0.97549669295876851     
          17          49  0.96686503088747333     
          18          50  0.93407258319602648     
          19          51  0.97891721819944444     
          19          52  0.97854747673943332     
          19          53  0.97982470154587387     
          20          54  0.96642180563736657     
          20          55  0.98088056408504853     
          20          56  0.98285432969844710     
           1          57   1.3566609043204787     
           1          58  0.29360605604077056     
          57          58   2.1178730597000102     
          59          60   1.8555104124520734     
          60          61   1.0544317350064887     
          61          62   1.3723794548424273     
          62          63   1.4572162333309091     
          61          64  0.10033106291212654     
          63          64   1.4276382530540319     
          62          65  0.10545971449912385     
          64          65   1.4288750744470995     
          61          66   1.3758809967463270     
          63          66  0.10524276261099130     
          65          66   1.4569703122068411     
           2          67  0.89363728740906867     
           1          68  0.28375106622669466     
          60          69  0.93232040031329633     
          62          70  0.96634434551858794     
          63          71  0.96934871129912115     
          64          72  0.97002010224426449     
          65          73  0.96884048145369084     
          66          74  0.96729654350377636     
