           1           2  0.94138470762584525     
           2           3   1.1945792869334200     
           3           4   1.6254638697590491     
           4           5   1.1491673373114344     
           5           6   1.3336401313085737     
           6           7   1.5018689104516392     
           7           8   1.3791643949382388     
           6           9  0.11138031296161530     
           8           9   1.4948191549074901     
           5          10   1.3049290242715796     
           9          10   1.3542489711395378     
           2          11   1.0838300622645873     
          10          11   1.0807074748848053     
           2          12  0.11865292857391839     
          11          12   1.6055139583298876     
           1          13  0.97753591354035330     
           1          14  0.97753727025942216     
           1          15  0.98595048817277042     
           3          16  0.96359654800424244     
           6          17  0.97131296153993607     
           7          18  0.97295663476495464     
           8          19  0.97267190019114924     
           9          20  0.96934155519513421     
