           1           2  0.98843537865505648     
           2           3   1.2192705556208476     
           2           4  0.10117700315122533     
           3           4   1.6395341718229126     
           4           5   1.1690756279176187     
           5           6   1.3268799594284730     
           6           7   1.4993791135721344     
           7           8   1.3783419662990979     
           6           9  0.11109520715228086     
           8           9   1.4921275646303505     
           5          10   1.2956727087942637     
           9          10   1.3507068111249760     
           2          11   1.0970052180598069     
          10          11   1.0774041183035348     
           2          12  0.13977479572491031     
          11          12   1.6566949909528592     
           1          13  0.97040911222532333     
           1          14  0.97040925997159300     
           1          15  0.97868030085271707     
           3          16  0.94763227120890692     
           6          17  0.96596722442805361     
           7          18  0.96900552316132149     
           8          19  0.96934806628402970     
           9          20  0.96640735470505112     
