   -0.33332939
   -0.20642383
    0.04241073
   -0.04319398
    0.00646509
   -0.00610722
   -0.10430341
   -0.09708320
    0.00098164
   -0.09169010
   -0.10372166
    0.11564670
   -0.04331434
    0.00871173
    0.00285336
   -0.10329662
   -0.10206085
    0.00066894
   -0.10304470
   -0.09896008
    0.01034348
    0.04158192
    0.05312324
    0.06553361
    0.05593842
    0.04422895
    0.04430398
    0.04240318
    0.03884610
    0.03922025
    0.05895518
    0.04724688
    0.03888761
    0.03312603
    0.05078963
    0.06824887
    0.04130093
    0.04141767
   -0.16019461
    0.00541159
    0.05898264
    0.06310018
    0.05526384
    0.04094172
    0.04643809
    0.06376081
    0.04289596
    0.03887349
    0.07170645
    0.04925349
    0.04402097
    0.04371363
    0.04654897
    0.06956832
    0.03891437
    0.03526176
    0.17296188
   -0.27959908
   -0.09820363
   -0.46843765
    0.08400057
   -0.00104547
   -0.03344874
   -0.03017906
   -0.02890068
   -0.02730673
   -0.03117066
    0.31000013
    0.01618500
    0.03914658
    0.03209600
    0.03274583
    0.03341481
    0.03307527
    0.03349922
