$grad
  cycle =      1    SCF energy =   -93.78201378437   |dE/dxyz| =  0.000091
   -0.07789773406279      0.14196730820341      0.55193532169018      Ru
   -0.42145557197473     -4.03933840676135      0.77085798001144      N 
    1.87668825769321     -5.48296540271638      0.39792981104359      C 
    3.89430166446585     -4.13664523572055     -1.18992505697847      C 
    4.11297763966568     -0.75502381852378     -0.29802675046884      P 
    5.93377792818549      0.61847557135895     -3.01303135497324      C 
    7.93915590361580     -1.14359625426522     -4.11277987938122      C 
    4.16749668256385      1.54600429763402     -5.09126389488477      C 
    6.66595845382811     -0.57052573067726      2.15305150710465      C 
    6.23789829798301     -2.39274038894960      4.34224741347302      C 
    6.76490601186574      2.13973248675813      3.14101597033416      C 
   -0.90442214857333     -3.24413240277806      3.05548322923718      C 
   -3.61214194071858     -2.64214125414419      3.82607343878501      C 
   -4.26648146225228      0.13979324599387      1.82540961205912      P 
   -5.74993291273475      2.58010777079039      3.89256940530111      C 
   -6.24708330818943      4.87105337894260      2.20456193634899      C 
   -4.01193122897888      3.32974975300698      6.06337622785714      C 
   -6.94276499686839     -0.89713493842420     -0.26280685254573      C 
   -9.52897974796323     -0.93923003065701      1.02073625463869      C 
   -6.37100853812018     -3.50328943745512     -1.38810946199618      C 
    2.69062364201925     -6.03227792147213      2.23679603202274      H 
    1.30989440604134     -7.21378892343589     -0.59874888603700      H 
    5.71020307731993     -5.10914402968093     -1.02694655514454      H 
    3.30642889926207     -4.15582686728326     -3.17485737823514      H 
    6.87652900794833      2.27985061503530     -2.20516566382859      H 
    9.11525781834782     -0.08930992814140     -5.43289340110453      H 
    7.06707042078866     -2.68965176763319     -5.14785254279526      H 
    9.16510969836302     -1.92776110073146     -2.66089650076643      H 
    5.22831934255703      2.58683621765916     -6.51591740931649      H 
    3.23922410077536     -0.03311189321281     -6.02758058383195      H 
    2.72832630736600      2.79111400459388     -4.29597709794316      H 
    8.46264858955792     -1.03860336493078      1.22889053416580      H 
    7.68226879990374     -2.11061918565163      5.78311770385705      H 
    6.33017302523781     -4.35335840448647      3.72582713664766      H 
    4.40222922477535     -2.03237351002366      5.20159393796672      H 
    4.92405358900960      2.66100806433771      3.90194643580608      H 
    8.17589365650324      2.31124689665225      4.62962225022766      H 
    7.23292639185210      3.47718771925415      1.65104994462379      H 
    0.59208628258414      0.90585536131023      3.32457554744823      H 
    0.33875887229972     -3.82015271523294      4.63070865444558      H 
   -3.69111563033681     -2.14893254610851      5.82834133723323      H 
   -4.85478040174802     -4.25484197578950      3.47115349121607      H 
   -7.51880650045416      1.82831255277933      4.66478014308754      H 
   -7.60645448690856      4.44804509251197      0.71945218773715      H 
   -6.96635209741398      6.44867591756003      3.31296515890618      H 
   -4.47458929113456      5.44256750665573      1.31571179975668      H 
   -4.85688992477428      4.87307363137603      7.13154656327369      H 
   -3.68185962325902      1.76559164261501      7.35741920928192      H 
   -2.19936535143533      3.95762693109676      5.31762281744395      H 
   -6.95936954562673      0.49751390536921     -1.80120611158160      H 
   -9.46118050156678     -2.04272670688276      2.75740383557125      H 
  -10.21278598779007      0.94755412729445      1.45766888587869      H 
  -10.89258817809610     -1.82285103004562     -0.24418944762235      H 
   -4.34676142658007     -3.82912280210969     -1.57325449029385      H 
   -7.13479701722192     -4.99277592206717     -0.19170197885046      H 
   -7.23326367465860     -3.68844962490555     -3.24720160891798      H 
   -0.94718487311833     -0.43877228802536     -2.75241253822347      C 
   -1.58556799171136     -1.00269407888446     -4.77406338611552      O 
    0.18647864517021      3.01469043559147      0.03271190831385      H 
   -0.93944893523235     -6.56915827129358     -5.18725611463066      O 
   -0.71878539947171     -6.90897972940366     -7.82892696303831      C 
    1.43510620747159     -5.39516363682074     -8.92535990376506      C 
    3.90816535391656     -6.23961250611396     -8.65959779257969      C 
    5.89916144449196     -4.83345651126325     -9.60770728970989      C 
    5.43823248892769     -2.55818347712594    -10.81872450309899      C 
    2.98199285766528     -1.69271635330060    -11.06913848486021      C 
    0.99027820442745     -3.10260279442444    -10.12315462402756      C 
   -1.20500590462161     -4.78468744383417     -4.88325615713788      H 
   -2.50053844821671     -6.39502393761156     -8.76822937856391      H 
   -0.39057780923672     -8.93280243464214     -8.09828749894694      H 
    4.26126464884841     -8.01196517591860     -7.70614458247473      H 
    7.81375340326073     -5.51624945800790     -9.40737353260590      H 
    6.99165953910611     -1.46086224125203    -11.55984567549124      H 
    2.61250266002355      0.08753638124163    -11.99777429133992      H 
   -0.92454021475014     -2.41724415758954    -10.31690643173284      H 
  -4.7711061561210E-06  -1.8471558992399E-05   7.4144868703262E-06
   1.6097332818289E-06   2.9373763190761E-07  -1.5579002062778E-05
   4.3425552989184E-06  -5.9604721369345E-06  -1.2585916728137E-07
   1.2307042052125E-07   1.0114870887923E-06   5.8333869161085E-06
   6.3837546194552E-06   1.2255306465162E-06  -5.8917887643518E-06
  -2.4960986875695E-06  -4.9235610303196E-06  -7.9900737131595E-07
   1.3819668661081E-06  -6.1902107621615E-06   4.1773411030794E-06
   5.3102466093436E-06   6.4045660447962E-07  -6.0276390210583E-06
  -6.8472258603629E-07  -1.5642963553757E-06  -2.8806440518386E-06
  -1.4261703482277E-06   1.0276840646147E-05   3.1815747555743E-06
  -8.8488187868255E-06   2.6986326944497E-06   7.1404235467350E-07
  -2.7384296705332E-07   1.5853913297515E-05   6.0947276981170E-06
  -8.3271229588874E-06  -8.1533509832539E-06  -8.4376487196725E-06
  -5.6774779378270E-06  -5.5718087163089E-06   6.7540545284986E-06
  -6.7012219407520E-07   3.5494141630086E-06   8.6574806619503E-06
   3.7345458298641E-06  -2.1242365297295E-06   6.7922100690286E-06
   2.9917725063610E-06  -8.7222267698336E-06   1.1358114860471E-05
   1.0047490278207E-06   3.5032078818242E-06  -3.6772604160648E-06
  -3.2906579206200E-07   7.5048276489233E-06  -1.3896539339729E-06
  -3.3555177763651E-06   2.1962065341511E-06   8.7298951453228E-07
   1.3690552901614E-06   1.1421269166650E-06   1.8415428424227E-07
   2.3937909487263E-06  -1.5388830846566E-06   2.4209967145440E-07
   1.8732010272865E-06   7.8471755064012E-08   3.0101954266311E-06
   4.4273536280114E-06   5.3116948606055E-07   1.2566542759052E-06
   3.3751365636206E-07  -1.6252522388555E-06  -7.4607526076780E-06
   1.8072976773583E-06  -2.9868633616538E-06   4.5125394612314E-06
   3.5099605873939E-06   6.2271941672888E-06   2.6145995378969E-06
  -7.6908545631868E-06  -2.1242619687861E-07  -6.1344992133613E-06
  -2.1238833745274E-06   2.5526668255916E-06   1.5680699950855E-06
   5.9650015141028E-06  -6.9301501846352E-06  -1.5728828712459E-06
  -5.4311757633589E-06  -7.2797797626031E-06   2.0204365942900E-06
  -2.7328315520907E-06   4.3620907119215E-06   9.7582718063413E-07
  -1.6664364738208E-06   1.1838693715171E-05   9.4223536224527E-06
   7.0453771178722E-06   8.6756851013299E-06   2.0469193883394E-06
  -2.1229930292431E-06   1.1421000800253E-06  -1.9364315426903E-06
  -7.9738403619817E-06   5.2519879022806E-06  -1.0359072808985E-07
  -1.6937975849355E-06   1.1038688528150E-05   1.4883408586203E-06
  -9.7804199444209E-06   2.8486043459264E-06  -3.0010594967295E-06
  -1.7814337498762E-06   4.0053430133237E-06  -5.1690971798270E-06
   2.1275635639179E-07  -4.8309291965441E-06  -3.5571975803431E-06
   4.5341232135266E-06   5.1883272402052E-06  -3.1695569839116E-06
   1.6010966260115E-06   2.4726233641514E-07   6.4121701627102E-06
   1.9109590477750E-06  -7.2655105644315E-06  -2.2341180548246E-06
  -5.6367584746604E-06   6.5092265601725E-06   7.3788651666045E-06
   9.8897313557586E-06   4.5141910548270E-06   1.2986932314976E-05
   5.2285217153160E-06  -1.1183310131745E-06   2.1540550531728E-06
   6.8212075200523E-06  -4.4372703982311E-06   6.2035377723014E-07
  -9.9224292161897E-06  -2.5782772538028E-06   5.7463592510948E-06
   3.3183138921750E-06  -1.4330042876938E-05   8.0717993872269E-06
   3.0191336305331E-06   4.8519762635279E-06  -2.0493324785492E-06
  -5.0629139598853E-06   4.0134283685256E-06  -3.8337842644504E-06
   1.8202284318522E-06   8.4518398435747E-06  -1.7238290796278E-06
  -1.4719494985892E-06   1.0592150865896E-05  -6.5217787778822E-06
  -5.7125217364114E-07   9.8627777295002E-07  -3.0264952213843E-06
  -4.4249884197788E-06   3.6556605073715E-06   1.3352674322130E-06
  -5.1714100373774E-06   3.8049737331636E-06  -1.9525120615895E-06
   9.4975282138065E-06   1.4167914520801E-05   3.4147146350155E-06
  -1.7712246088288E-06  -2.3975224475244E-05  -6.6471230367406E-06
   2.1580678528201E-06  -1.0841970300212E-06  -1.0403951892688E-06
   4.1052304580881E-06   8.9445933430142E-07  -3.1128439083202E-06
   6.0934193233919E-06  -9.5328203854734E-06   1.4105281533079E-06
   4.4094182586875E-06   4.0481046610526E-06  -1.9007657733951E-06
  -5.7050954429204E-06   5.4746271882387E-06   3.9339480944793E-06
   6.7445137336649E-06   1.6869298336565E-05  -1.4761326996791E-05
   2.2982574597284E-07  -1.0627041725859E-05   4.2425714308330E-07
   7.6544988970549E-07  -1.9597972596774E-05  -5.4607684757502E-06
   4.2989568263099E-06  -1.3530838254536E-05   1.9371271375173E-06
   7.3522079112500E-06  -3.7522922450553E-06  -4.3129444097048E-06
  -4.6915659413659E-06  -7.2285036603433E-06  -1.9694353477975E-06
   4.5000485594167E-06  -4.4681781686188E-06   3.0034298829890E-06
   1.7202521010447E-06  -3.4778780316249E-06  -9.4284987242946E-06
  -4.3540680908849E-06   3.8641477509895E-06  -5.6443537790886E-06
   4.4622845864292E-07   1.6018151499725E-06   6.1189631281651E-06
  -5.8740975294463E-06   9.1902359064031E-06   3.1566720839403E-07
  -1.1772679047950E-05  -3.2846097990570E-06  -3.9231602655155E-06
$end
