           1           2  0.45752516338824378     
           2           3   1.0045235209328984     
           3           4  0.97634521708445732     
           1           5  0.97960192485758124     
           4           5  0.99347636295362685     
           5           6  0.96486056763465888     
           6           7  0.99644701838933014     
           6           8   1.0003931917996114     
           5           9  0.95722215711324488     
           9          10   1.0006254166133932     
           9          11  0.99701181552997942     
           1          12  0.44032033847520091     
           2          12   1.5039852278772157     
          12          13  0.96055728154644682     
           1          14  0.92297300801475091     
          13          14  0.99216519387521485     
          14          15  0.95931104583497040     
          15          16  0.99285995916668068     
          15          17  0.99840823251862820     
          14          18  0.95643876512849135     
          18          19  0.99741602108979088     
          18          20  0.99347092219681876     
           3          21  0.95721862659032875     
           3          22  0.95876081986566208     
           4          23  0.94400514197324525     
           4          24  0.93263493418771182     
           6          25  0.93096874014129605     
           7          26  0.98128969437100655     
           7          27  0.97868117644054142     
           7          28  0.97555371713002659     
           8          29  0.98255558689791567     
           8          30  0.97646511511358769     
           8          31  0.95839122327097370     
           9          32  0.93228615160064621     
          10          33  0.98145557226183344     
          10          34  0.97821658868780115     
          10          35  0.96983389904288764     
          11          36  0.96555681893142409     
          11          37  0.98151547914794235     
          11          38  0.97348184582761643     
           1          39  0.74399005928802009     
          12          40  0.91451019945521672     
          13          41  0.94088973718763314     
          13          42  0.93197568090868721     
          15          43  0.93348794284550862     
          16          44  0.97500591847469564     
          16          45  0.98130207955388660     
          16          46  0.96567305755248956     
          17          47  0.98049782076874414     
          17          48  0.97644587036265051     
          17          49  0.96462184496801850     
          18          50  0.93676654150031591     
          19          51  0.98003789843687361     
          19          52  0.98029406781861139     
          19          53  0.97993067067121653     
          20          54  0.95087374476207576     
          20          55  0.98279690302988709     
          20          56  0.98507155601593044     
           1          57   1.3394521733602183     
           1          58  0.29325795886259143     
          57          58   2.0088725927256301     
           1          59  0.88665348834477919     
          60          61  0.98959581554367837     
          61          62  0.99421519296353056     
          62          63   1.4133992606437866     
          63          64   1.4459771157819628     
          62          65  0.11062747250034072     
          64          65   1.4347251290052230     
          63          66  0.11202789087179307     
          65          66   1.4413540967124867     
          62          67   1.4196021475557623     
          64          67  0.11088531143296920     
          66          67   1.4396792438291914     
          60          68  0.86946903730594272     
          61          69  0.96912690680264824     
          61          70  0.96977996312518655     
          63          71  0.96953172337379168     
          64          72  0.97050711861572259     
          65          73  0.97124655136645344     
          66          74  0.97101254514510349     
          67          75  0.96866334014640687     
