           1           2  0.96051235579457894     
           2           3   1.1448916829345823     
           3           4   1.5395813290872578     
           4           5   1.1379882501385357     
           5           6   1.3563746883385850     
           6           7   1.3779038797690804     
           7           8   1.3862879110825632     
           8           9   1.4395867423426778     
           5          10   1.2517517060129346     
           9          10   1.2840177288207111     
           2          11   1.0256243916735808     
          10          11   1.1467136828167894     
          11          12   1.4736291254558227     
           1          13  0.97782185981408964     
           1          14  0.98570313298398915     
           1          15  0.98572215396716900     
           3          16  0.96955467872591627     
           6          17  0.97538199451338947     
           7          18  0.97627993041263195     
           8          19  0.97641666458849197     
           9          20  0.97377035162882553     
