           1           2   1.0049477358408481     
           2           3   1.1491854562516710     
           3           4   1.5354802942586607     
           4           5   1.1722145121272327     
           5           6   1.3268326398753694     
           6           7   1.3971751997750304     
           7           8   1.3826789167794917     
           8           9   1.4229178727007625     
           5          10   1.2452753793724487     
           9          10   1.3078530321949255     
           2          11   1.0483419893263082     
          10          11   1.1168293402869194     
           2          12  0.11771494610502610     
          11          12   1.5348643664525852     
           1          13  0.97405906256397368     
           1          14  0.98013991849989612     
           1          15  0.98016151684273833     
           3          16  0.95474058489511715     
           6          17  0.97099058100407754     
           7          18  0.97170994716027503     
           8          19  0.97171685909557093     
           9          20  0.96997716200206752     
