           1           2   1.0057437889607290     
           2           3   1.1547223290229607     
           3           4   1.5311720262534321     
           4           5   1.1715649161908313     
           5           6   1.3268704060167382     
           6           7   1.3940918629529697     
           7           8   1.3868728146475771     
           8           9   1.4199135679013382     
           5          10   1.2480844801102862     
           9          10   1.3073550103492448     
           2          11   1.0444363370194276     
          10          11   1.1162077516854476     
           2          12  0.11729939348054537     
          11          12   1.5374403365196878     
           1          13  0.97776183140462924     
           1          14  0.97776177499077632     
           1          15  0.98353618429090983     
           3          16  0.95190099074886059     
           6          17  0.97099234247149868     
           7          18  0.97169659002745101     
           8          19  0.97170382302642511     
           9          20  0.97002787032436943     
