           1           2  0.99939324500138560     
           2           3   1.1641021395942714     
           3           4   1.5358832642506737     
           4           5   1.1663302336106569     
           5           6   1.3347709049918819     
           6           7   1.3882333487448861     
           7           8   1.3946232283304163     
           8           9   1.4199946519742255     
           5          10   1.2511473197903311     
           9          10   1.3024127804794641     
           2          11   1.0571987742523876     
          10          11   1.1221797276491337     
           2          12  0.11629476042043750     
          11          12   1.5047547667207311     
           1          13  0.97517567118561299     
           1          14  0.97914447528657345     
           1          15  0.97916654021132210     
           3          16  0.95501609955637845     
           6          17  0.97105501026099628     
           7          18  0.97224547547767703     
           8          19  0.97205156667457626     
           9          20  0.96978937798666798     
