   -0.55474270
   -0.09636683
    0.03584889
   -0.02837056
   -0.08552836
    0.03954363
   -0.02210409
   -0.02703735
   -0.02594546
   -0.02474332
   -0.01488138
    0.03442861
   -0.01458136
   -0.02587776
   -0.02538640
   -0.02720731
   -0.02462733
    0.02999403
   -0.02071362
   -0.09637150
    0.04259277
   -0.02292020
   -0.02756855
   -0.02593223
   -0.02468243
   -0.01303306
    0.03361738
   -0.01844150
   -0.02771795
   -0.02533841
   -0.02768747
   -0.02392997
    0.03060376
    0.04529712
    0.06828178
    0.06249671
    0.03187854
    0.03281032
    0.03408908
    0.03375114
    0.04201403
    0.06786252
    0.03906915
    0.03945450
    0.03872557
    0.03740115
    0.05059930
    0.03524726
    0.05424451
    0.05565879
    0.03371889
    0.03440733
    0.03602752
    0.03659268
    0.04870760
    0.06242210
    0.03653388
    0.03836384
    0.03686650
    0.03502265
    0.22420554
   -0.28247121
    0.20003849
   -0.31128826
   -0.38112559
    0.21512483
   -0.00654658
    0.00087464
   -0.02001498
   -0.01214603
   -0.02236923
   -0.02085052
    0.21677963
   -0.11925510
    0.01016955
    0.05885089
    0.04929359
    0.04914301
    0.04664920
    0.04250167
