$grad
  cycle =      1    SCF energy =  -120.64047234742   |dE/dxyz| =  0.000115
    0.49544129679969     -0.57122180343336     -1.19767137733138      Mn
    1.08870361764349     -4.79668766122339     -1.69830723600235      N 
    3.33862301665639     -5.62299255324782     -0.31344272536732      C 
    5.58810448443555     -4.05974238088899     -1.21566523765632      C 
    4.66668910706210     -0.67855919353958     -1.01875079965314      P 
    6.10026924608942      0.42945226800234      1.91930348098857      C 
    6.81915163287540     -1.10951468257883      3.92149215250731      C 
    7.74733109843392     -0.04422165325131      6.12418445930021      C 
    7.94279067207863      2.55376772552406      6.35589449135857      C 
    7.18737248277043      4.10209008679549      4.38081000192324      C 
    6.26290379353971      3.04673320048882      2.18092009951405      C 
    6.88919277954973      0.80922485537268     -3.20166339188915      C 
    5.98488237313444      2.70108923486690     -4.78319566690474      C 
    7.62468128510134      3.96657336722946     -6.38218646689297      C 
   10.16435179292611      3.33122622646087     -6.41914919106595      C 
   11.07091801453240      1.44558897597754     -4.84076977326659      C 
    9.44715821896315      0.19598016069223     -3.21890666432190      C 
   -1.14687170998542     -6.39950925397686     -1.27899603112510      C 
   -2.98181233679294     -5.14346828567938      0.56025043077473      C 
   -3.42366097592057     -1.91233350138655     -0.71266381717237      P 
   -5.43693735305159     -0.32887797882233      1.57639639022923      C 
   -6.18755210154815     -1.30226490471821      3.89583749243573      C 
   -7.67805251357332      0.14356144250766      5.49004237048584      C 
   -8.42310087534656      2.55031653688620      4.78516710247366      C 
   -7.67346357476244      3.53226030794579      2.47301077077226      C 
   -6.18395723070995      2.10070492437031      0.87940818621917      C 
   -5.80714364175121     -2.56254626962793     -3.14970007139217      C 
   -5.24394145480636     -2.09595717376479     -5.67034073500758      C 
   -7.01477034425468     -2.60160774248437     -7.52898764413613      C 
   -9.35487861315282     -3.57422090415114     -6.87687125177318      C 
   -9.93264555639237     -4.02561986726481     -4.36003106536372      C 
   -8.17241274196793     -3.51692985481941     -2.49868406112833      C 
    3.70178989697753     -7.64537410846566     -0.64892321589417      H 
    3.02865492958961     -5.34359593268969      1.71816718028421      H 
    5.94695485639963     -4.46343441829284     -3.21680758252807      H 
    7.30007782583412     -4.47073688653744     -0.13787091593709      H 
    6.65030829924513     -3.14277981861829      3.79569697684245      H 
    8.30807145928470     -1.25293074707464      7.67330935186522      H 
    8.66302860511114      3.37386305199509      8.08156022777816      H 
    7.30749044032703      6.13234541343393      4.56714638052501      H 
    5.63035108367365      4.23602239981749      0.63634179126002      H 
    3.98242109917830      3.14007495068970     -4.72958505850213      H 
    6.92427856054044      5.45589563856290     -7.59271310328186      H 
   11.44560063376954      4.31159420614467     -7.67088654169348      H 
   13.05498497546790      0.96182686024644     -4.86521294613819      H 
   10.16415151671397     -1.24393645577991     -1.95772852561927      H 
   -2.11925796935528     -6.64888348616350     -3.09206391857309      H 
   -0.57718625726096     -8.27329623701443     -0.59186295103488      H 
   -4.76267011033841     -6.18621224185455      0.67401084797085      H 
   -2.14197274873616     -5.00086516701776      2.44628906199022      H 
   -5.61502383506634     -3.17437385364239      4.47999500032104      H 
   -8.25504335449778     -0.61521294050632      7.29715924134087      H 
   -9.57997883075289      3.66774446943022      6.04306226667766      H 
   -8.24191849481417      5.41575953682488      1.92625668041459      H 
   -5.54866715090306      2.83919307029769     -0.92590775266372      H 
   -3.41299393198368     -1.31377867850905     -6.14319501041146      H 
   -6.57179975834115     -2.21849220813847     -9.48552042018910      H 
  -10.74063720520101     -3.96868913423732     -8.32390931284569      H 
  -11.76632970122224     -4.76709249148827     -3.85040310509135      H 
   -8.63666151316051     -3.83660322843205     -0.53173414967422      H 
    0.05445911880074      2.69673411464886     -0.74724059619476      C 
   -0.22556106289728      4.82199743068863     -0.21301881551158      O 
    0.47693618210916     -0.60078450938131      2.10456636751310      C 
    0.40563376965562     -0.33414951962228      4.28629772860828      O 
    1.35833425656989     -6.48352890865091     -6.86941000501310      O 
    0.07854605057391     -5.60019321844405     -8.55664770189601      C 
    0.58295976443966     -3.25833714183178     -9.90755291616417      C 
    2.67411844906146     -1.76770060214909     -9.28652702189125      C 
    3.12576646268036      0.45307849580974    -10.57790932803169      C 
    1.49700443201109      1.21338478765460    -12.48552714866195      C 
   -0.58568668944163     -0.25284063767853    -13.11535010481213      C 
   -1.04306528007374     -2.48051021005045    -11.83851147512625      C 
    1.54868229945422     -4.97818371080983     -3.57533172355825      H 
    0.43490790160215     -0.35284650588390     -4.07309437613509      H 
   -1.64940961046176     -6.60178614321944     -9.18681029930917      H 
    3.91630703629164     -2.36549007033216     -7.78073706579403      H 
    4.74375207035368      1.59480487714035    -10.08940909380995      H 
    1.84797537396739      2.95692739569713    -13.48761608422151      H 
   -1.84621800582805      0.35150006030489    -14.60285930628542      H 
   -2.65403397165428     -3.64091888926626    -12.32126155632006      H 
   1.9078971955884E-05   2.9907470333611E-05   2.9101437562335E-05
   5.7623287209194E-06   2.8509479055537E-06  -1.1890193441233E-05
  -6.2075903143195E-06  -7.8901525427574E-06   7.1153344625941E-06
  -1.1830185380476E-05  -2.3460639902048E-07   8.0154455274711E-06
  -1.0390293154336E-06  -1.4229103969505E-05  -1.5843713843735E-05
  -1.1323897192587E-06   1.1046630666187E-05   4.4744117455527E-06
   1.0769421149579E-05  -3.3505467962048E-06  -1.0469873942733E-05
  -2.5391669509948E-06   4.7811798826494E-06   8.7915610250946E-06
  -1.1506021815300E-05   5.0764398089951E-06  -5.2277958598613E-07
   1.9572097493064E-05  -1.2211525657033E-05   1.3884433962444E-05
  -7.4152572483428E-07  -9.8161310294222E-06   6.4485842726340E-07
  -2.0571813589869E-07   4.0143100051846E-06   1.4091273633537E-05
  -4.9669659944752E-06   6.4215034102025E-06   9.3343850642376E-07
  -1.0395250366197E-05  -3.9656051408011E-07  -7.6676551259008E-06
  -8.8199637497947E-07  -1.3938640720486E-06  -8.4015075374024E-06
  -3.0284483390539E-06  -5.0097325577344E-06  -1.7070491442984E-06
   2.8992925802949E-06   2.4696649229137E-06   2.5846634605601E-06
   7.2785478760925E-06   1.4014633835466E-05   9.0315858629357E-06
  -1.1496765526038E-06  -8.8449805216276E-06   5.7025305277041E-06
  -9.7696337140074E-07  -2.1796858047291E-05  -1.0921935091541E-05
   7.2283553727528E-07   1.1238072080773E-06  -5.0530290513696E-06
  -2.4566160699990E-06  -8.8819251872387E-07   1.4635900349691E-06
   1.7850070448417E-06  -6.1915812819603E-06  -2.1312586654407E-06
   3.0414700306738E-06   6.6697600890642E-06  -2.8004451926022E-06
  -2.8579108563193E-06  -1.1643385561315E-06   5.5460982249405E-06
   8.0756143044050E-07  -6.9952311895748E-07  -8.9846931390467E-08
   4.2455435645083E-07   6.8251922702357E-07   3.4011324649414E-06
   7.1221865527765E-07  -1.4408011698905E-05  -7.4789611275203E-07
   1.1979928731203E-05  -8.8339200565852E-06  -2.4797993719282E-06
  -5.1063475397609E-06  -2.6093311856780E-06   1.1750480090703E-06
   1.5373748346199E-06   1.0996326718280E-05  -9.3073256855856E-06
  -3.9460061079193E-06   1.1725012581073E-05  -4.6935738850118E-06
   1.8045529723015E-06   4.9669613595104E-06   2.0143305321961E-05
   4.9523570815420E-07   1.5401754726100E-05  -1.1479798344728E-06
  -9.0965831020023E-06   5.4889855837240E-06   6.3794352048916E-06
  -2.9072762780289E-06   1.4893755126635E-06  -4.9472701475153E-06
   3.8755623053625E-06   2.6976209471135E-06  -2.5531405813591E-06
   1.8964385269506E-05  -4.9410313067976E-06  -7.5663840863476E-06
   1.6851169626717E-05  -8.2320547185668E-06   7.3102762109628E-07
  -8.5326610915462E-07  -5.4874347360504E-06   1.1547616193064E-05
  -5.3561206179965E-06   1.5418893392454E-06   1.1415351922345E-05
  -2.3200270957941E-06   3.8397204879652E-06   4.0537225468365E-06
  -4.7999879331035E-06   3.8291603753289E-06   2.6611209187687E-06
  -1.9620316081291E-06   7.4603600206539E-07  -3.8086079057485E-06
  -9.4865532084910E-08  -2.9695010280997E-06  -6.4172990194318E-06
   1.5489198085742E-06  -2.7957884294746E-06  -4.4172727102912E-06
   1.8808144444522E-06   4.7122488233978E-06   1.2183768343832E-06
  -2.6696140432648E-06  -2.5372788625566E-06   1.7018299747586E-06
  -1.7056157504254E-07   2.4330984856378E-06   6.8054000337908E-06
   1.6448458439336E-06   4.8021985209542E-06  -2.1266572771199E-06
  -5.2292848842864E-07  -1.1556641974520E-06  -7.0199489433695E-07
   4.7557320765981E-06   1.8248144797198E-06   2.2455514144394E-06
   6.7601324672213E-06   1.7251467246347E-06   3.4214966046056E-06
  -2.2930294935944E-06   1.9609753989436E-06  -4.6541030819870E-07
  -6.3005419353918E-06  -6.3247787413888E-07  -3.4385012406603E-06
   8.8167886361421E-06  -1.1210870200311E-06  -3.5420640288834E-06
   5.7082722812716E-06   7.1520434100278E-07  -5.2702555561629E-06
  -1.8981320617830E-06   6.0890910474333E-06  -4.5339921211464E-06
  -8.0204665355976E-06  -2.6659478945786E-06  -4.1718919113928E-06
  -1.2311446811380E-06  -6.9772679617588E-06  -1.2828383992997E-06
  -5.0501950014753E-06  -4.1223493944697E-06  -9.4966610340144E-06
  -7.1115052773150E-07  -4.3531310127926E-06  -6.6790303213990E-06
  -1.4429017115039E-05   1.8081673916400E-05  -5.1255280025770E-06
   3.1637390866993E-06   3.9860123896916E-06  -1.3962282440056E-05
   2.8679371721622E-06   3.3492978346964E-06   7.5775411391692E-06
  -1.2706763155517E-06  -3.1747629399666E-06  -5.2728106973602E-06
  -9.8129972486688E-06   1.9682078818783E-06  -1.2447593483727E-05
   5.0825208066880E-06   1.6439477652663E-06  -4.4746966929394E-06
  -9.4999280673731E-06  -2.6871876337313E-06   7.9403234176814E-07
  -1.7060850360108E-05   3.8693390214989E-06   9.9154634291452E-06
   7.2235810007346E-06  -2.6355029028855E-07   1.2037827645917E-06
   1.6802694843219E-05  -6.0936577448711E-06   6.9242136613502E-06
   4.1749588939068E-06   4.6912237680954E-07   8.1819905950476E-06
   6.4856932222957E-07  -1.0290914243467E-05   2.7806065506264E-07
  -1.6072240835407E-06  -9.7357093836262E-06  -9.7520587975197E-06
  -8.2863649254740E-06  -5.2355008512415E-06  -7.3310749897329E-06
   4.8244646718796E-06   4.6942287529823E-07  -2.4506456723271E-06
   2.7875290607479E-07  -3.8208211712032E-06   5.5261435787188E-07
  -2.9637518428724E-06   1.2252441250220E-06   5.6218147311827E-06
  -1.2388699032725E-05  -1.8446777174523E-06  -1.2187669409447E-06
$end
