           1           2  0.43887421753263878     
           2           3  0.99206155722107736     
           3           4  0.99093883259754711     
           1           5  0.98746890498865181     
           4           5  0.99754133041452586     
           5           6  0.99097637726059007     
           6           7   1.3906996825691460     
           7           8   1.4384174481149525     
           6           9  0.10455878941014268     
           8           9   1.4420597822633470     
           7          10  0.10632765491175662     
           9          10   1.4263383252508397     
           6          11   1.3674377656616359     
           8          11  0.10963209933079751     
          10          11   1.4585257918591066     
           5          12  0.98939103944644136     
          12          13   1.3877350403576914     
          13          14   1.4386805508349112     
          12          15  0.10514615061052301     
          14          15   1.4415179551656450     
          13          16  0.10748991262980108     
          15          16   1.4292481982150007     
          12          17   1.3781696973061348     
          14          17  0.11016557492364080     
          16          17   1.4527593432452970     
           2          18  0.98599562738058999     
          18          19  0.98644117908559592     
           1          20  0.95187400323871807     
          19          20  0.99561700101189432     
          20          21   1.0067056390833926     
          21          22   1.3907680295777185     
          22          23   1.4373875674745968     
          21          24  0.10488207965748579     
          23          24   1.4432076260897593     
          22          25  0.10680011325099807     
          24          25   1.4264337765951152     
          21          26   1.3663071676641947     
          23          26  0.11006413081911494     
          25          26   1.4580734836094296     
          20          27  0.97854912181791343     
          27          28   1.3941710040365118     
          28          29   1.4368164635717791     
          27          30  0.10525772064495802     
          29          30   1.4447468395908951     
          28          31  0.10723006843762466     
          30          31   1.4266110920415227     
          27          32   1.3747334287930610     
          29          32  0.11071679888488856     
          31          32   1.4557209889300828     
           3          33  0.96341853196486626     
           3          34  0.95907905495198165     
           4          35  0.93471717314617941     
           4          36  0.93553209524985759     
           7          37  0.95895887680794833     
           8          38  0.96985396350007280     
           9          39  0.97116091647604497     
          10          40  0.96955483766639350     
          11          41  0.94803870980711602     
          13          42  0.93649695074478034     
          14          43  0.96866817691157636     
          15          44  0.97074146034811326     
          16          45  0.96912161361226157     
          17          46  0.96040281370334302     
          18          47  0.96390807261711309     
          18          48  0.96480698936198728     
          19          49  0.93875129745781860     
          19          50  0.93538459844227906     
          22          51  0.96143037403581866     
          23          52  0.96975609922252126     
          24          53  0.97101457360837018     
          25          54  0.96935329691442995     
          26          55  0.94332558353339957     
          28          56  0.94101207423430089     
          29          57  0.96848080191711894     
          30          58  0.97077495629036492     
          31          59  0.96917482463544469     
          32          60  0.95851873825940315     
           1          61   1.4899497441052929     
           1          62  0.35977234341230130     
          61          62   1.9477193126730787     
           1          63   1.1908705213471742     
          20          63  0.13615256803638995     
          61          63  0.13029036626589069     
           1          64  0.32069327386098795     
          63          64   1.9737318561877109     
          65          66   1.7978138791862492     
          66          67   1.0920751703268492     
          67          68   1.3576688686924774     
          68          69   1.4594752305722305     
          69          70   1.4302199998085059     
          68          71  0.10215288443499122     
          70          71   1.4208278549727964     
          67          72   1.3547725055161823     
          69          72  0.10318053751435985     
          71          72   1.4692892753391529     
           2          73  0.87891814424092773     
           1          74  0.83993851369788919     
          66          75  0.93334978176231531     
          68          76  0.96125881276444902     
          69          77  0.96634923265896266     
          70          78  0.97021676048581917     
          71          79  0.96959855981088561     
          72          80  0.96647209004888013     
