           1           2  0.96910005298338631     
           2           3   1.1229521907287447     
           3           4   1.5406799082525442     
           4           5   1.1462364359792532     
           5           6   1.3461590479960948     
           6           7   1.3895677232019170     
           7           8   1.3713455872677907     
           8           9   1.4427905486814827     
           5          10   1.2447731702325553     
           9          10   1.2918088885950516     
           2          11   1.0180641506926353     
          10          11   1.1388044009616998     
          11          12   1.5017395040393153     
           1          13  0.97605650698662705     
           1          14  0.98695299222455113     
           1          15  0.98697298257089050     
           3          16  0.96912805552132697     
           6          17  0.97530289354390609     
           7          18  0.97640424711468976     
           8          19  0.97656824397027830     
           9          20  0.97328371184426676     
