           1           2  0.98962493778600358     
           2           3   1.2147003044529936     
           2           4  0.10383959199643636     
           3           4   1.6482289708774507     
           4           5   1.1642538040930781     
           5           6   1.3292848773153616     
           6           7   1.4968705596739904     
           7           8   1.3812198656856665     
           6           9  0.11042602003450046     
           8           9   1.4889235279409001     
           5          10   1.2988217512634630     
           9          10   1.3546331442503745     
           2          11   1.0892558168990933     
          10          11   1.0713370120886707     
           2          12  0.14086147443089658     
          11          12   1.6764070914815692     
           1          13  0.97079137768521306     
           1          14  0.97597167856776623     
           1          15  0.97600281020140156     
           3          16  0.95225346972309577     
           6          17  0.96711915530271120     
           7          18  0.97019703466544416     
           8          19  0.97015007836546663     
           9          20  0.96552229899742736     
