           1           2  0.99194059111386901     
           2           3   1.2186209390474332     
           2           4  0.10547689952281206     
           3           4   1.6420672241940386     
           4           5   1.1660811380278955     
           5           6   1.3282214595705144     
           6           7   1.4979108925608142     
           7           8   1.3802735963861315     
           6           9  0.11058760638606899     
           8           9   1.4898292380379692     
           5          10   1.2978751594733813     
           9          10   1.3536671728280358     
           2          11   1.0840178624292303     
          10          11   1.0726916752961158     
           2          12  0.13945375799613097     
          11          12   1.6807164296497097     
           1          13  0.97180006887211656     
           1          14  0.97179998433896242     
           1          15  0.98117217605267693     
           3          16  0.95007744192918819     
           6          17  0.96716282005238430     
           7          18  0.97022398308016722     
           8          19  0.97018372353700333     
           9          20  0.96565756367274158     
