           1           2  0.96969178983416859     
           2           3   1.1289800903527740     
           3           4   1.5371660610878697     
           4           5   1.1456487645455464     
           5           6   1.3470167630913918     
           6           7   1.3873487663766597     
           7           8   1.3730736403653623     
           8           9   1.4421974501814281     
           5          10   1.2454706651146159     
           9          10   1.2900718579016726     
           2          11   1.0147373751245001     
          10          11   1.1404934609449588     
          11          12   1.5022549066426758     
           1          13  0.98234195302597760     
           1          14  0.98234205525021945     
           1          15  0.98955310369391514     
           3          16  0.96603555982156109     
           6          17  0.97530969388885713     
           7          18  0.97639778152701118     
           8          19  0.97657398660429007     
           9          20  0.97336922062632802     
