   -0.27952020
   -0.21988267
    0.02568663
   -0.03361932
   -0.04395356
    0.02438264
   -0.02766675
   -0.02863920
   -0.02624443
   -0.02542908
   -0.02276175
    0.03173023
   -0.02453010
   -0.02691155
   -0.02532310
   -0.02618903
   -0.00549151
    0.04053970
   -0.04072326
   -0.03740975
    0.03241402
    0.00147447
   -0.02631988
   -0.02549538
   -0.02622951
   -0.02517299
    0.02032691
   -0.01935576
   -0.02683253
   -0.02512191
   -0.02523459
   -0.02575049
    0.05191791
    0.03646377
    0.05581582
    0.07359335
    0.03675412
    0.03494022
    0.03547364
    0.03647796
    0.07008867
    0.04377583
    0.03899528
    0.03776044
    0.03473803
    0.05201703
    0.04694308
    0.03393299
    0.07536436
    0.06680701
    0.07368428
    0.03606415
    0.03960408
    0.04099737
    0.04341377
    0.03976600
    0.03422038
    0.03827807
    0.04051086
    0.04332084
    0.14865193
   -0.26216757
   -0.22663994
   -0.47553767
    0.08740311
    0.00120876
   -0.03409510
   -0.03298406
   -0.03480176
   -0.02931488
   -0.03849781
    0.33456459
    0.03896356
    0.01835349
    0.04782952
    0.03050662
    0.02993924
    0.02875431
    0.01939806
