$grad
  cycle =      1    SCF energy =  -115.30816140087   |dE/dxyz| =  0.000166
    0.64968513231728      0.30940454407592     -0.52166646812663      Ru
   -0.28980834025456     -3.33737915190990      1.10684908899047      N 
    1.80598835169353     -5.10946254071902      0.95570725524754      C 
    4.46974226848820     -3.91560954904954      1.15174308936736      C 
    4.52066762121213     -1.33206459209045     -1.19385052973829      P 
    5.55660966808379     -3.00643970419214     -4.03433583053715      C 
    8.04575964870577     -2.99714151238561     -4.87931806455220      C 
    8.70783741816557     -4.35263400142016     -7.01635403187354      C 
    6.90055708435779     -5.72312753422256     -8.32313070049373      C 
    4.41476806961948     -5.72304564231621     -7.49823471438694      C 
    3.73948993776361     -4.36154535171852     -5.37235109105182      C 
    7.20674905111223      0.64959638767873     -0.40728152374533      C 
    9.43892140284316     -0.15331668024547      0.71921560055202      C 
   11.32383141789765      1.58756535382709      1.23456793327559      C 
   10.99243426188926      4.11413376369328      0.62890738721842      C 
    8.76069216862494      4.92617487264125     -0.48072672721972      C 
    6.87427482587193      3.19404456330382     -0.98690292149948      C 
   -1.03595264326383     -2.85788667917425      3.70573603875953      C 
   -3.37339468264490     -1.13780368320255      3.84381874442983      C 
   -3.00777103946345      1.32811195513028      1.40062544608955      P 
   -2.72905685630744      4.45951999543404      2.80523944599304      C 
   -1.08142210208038      6.02680470792117      1.47744527494592      C 
   -0.71974967473703      8.50185852034913      2.21896053259984      C 
   -2.01034548042928      9.41932034852693      4.30959833721499      C 
   -3.65414885038397      7.86990218733809      5.63342199325314      C 
   -4.03489169475142      5.39255359455470      4.87853381211904      C 
   -6.22066895154557      1.70192778494122      0.17792885341451      C 
   -6.50142385995901      2.47026133486435     -2.31774339631149      C 
   -8.87794884849926      2.92620985178721     -3.30549805243319      C 
  -10.99338005617939      2.64238673874320     -1.79039441878132      C 
  -10.72374596075502      1.90578818392058      0.70758577429010      C 
   -8.35020211191824      1.43727038614751      1.69442467818640      C 
    1.68248268377952     -6.09289572722934     -0.86558188439743      H 
    1.61127947634819     -6.53837419403251      2.45062693787638      H 
    5.92490181198214     -5.33863208177484      0.78904178328390      H 
    4.76407925484320     -3.06076906558639      3.01203536987178      H 
    9.46884791752124     -1.92420253495950     -3.88065180601795      H 
   10.64477476570834     -4.33563359525301     -7.66470083308840      H 
    7.42640965612742     -6.77874693291994     -9.99003377549237      H 
    2.99254867071938     -6.77537482006011     -8.51777954948192      H 
    1.79008885494842     -4.33434291848853     -4.75143573040293      H 
    9.69354903220841     -2.12534764641243      1.19241425144458      H 
   13.06107338001177      0.97245781265511      2.11498957700547      H 
   12.47271501459412      5.46012708066926      1.03627833282860      H 
    8.50136403632239      6.90093212819627     -0.93363464315550      H 
    5.07583135804909      3.77914413124458     -1.82229698563255      H 
    0.51321337082583     -2.00589655220201      4.81648552751154      H 
   -1.50807086752660     -4.67821610095790      4.59717932224572      H 
   -5.05978461996053     -2.23643540789857      3.36778020046587      H 
   -3.57268640559274     -0.33031341115597      5.73523216804841      H 
   -0.05342988651440      5.22717120350604     -0.15186974293651      H 
    0.56210167741418      9.71684366316009      1.19272374566896      H 
   -1.72651616354631     11.35024159174882      4.90899865225884      H 
   -4.64873679334964      8.59918374483033      7.26115193051118      H 
   -5.33153628444066      4.19169944167117      5.90340667401319      H 
   -4.83384921719002      2.70341245726050     -3.48392602630629      H 
   -9.08072188522536      3.50648184630414     -5.25367187840749      H 
  -12.85196935218981      2.99926639292073     -2.55633958635327      H 
  -12.37259731215904      1.69714338141594      1.89345923556101      H 
   -8.16235717740370      0.85962127749312      3.64362052182585      H 
   -0.50483536220727     -0.10186460256733     -3.78158579805492      C 
   -1.01939432569788      0.15824838423795     -5.89473560722321      O 
    1.87094546659437      1.21230071550322      2.03881210119893      H 
   -2.76302292166787     -5.28792371385296     -3.25043371019383      O 
   -5.22686920493703     -4.51667794421298     -3.83145239859327      C 
   -7.11964423966091     -4.82453873136940     -1.72016833310487      C 
   -6.49357450420258     -6.03691491611639      0.51838141813200      C 
   -8.27016783484287     -6.29195175459629      2.42544634386080      C 
  -10.69001168054797     -5.35392317301037      2.10606288343163      C 
  -11.33249986239787     -4.16376613171317     -0.13655314795046      C 
   -9.55737491643157     -3.89722752781565     -2.03352624725604      C 
   -2.18781267533004     -4.33834410081528     -1.75842060908864      H 
   -5.82184447083241     -5.67400730740023     -5.44783179472403      H 
   -5.25433754827305     -2.52705514998018     -4.45098450346958      H 
   -4.61181094137073     -6.79132791666745      0.75521020806535      H 
   -7.76081642143256     -7.23564823701290      4.16449383180740      H 
  -12.07599584064905     -5.55785783802460      3.59168828617678      H 
  -13.22349928313008     -3.44281841386510     -0.40783006847342      H 
  -10.05575089340430     -2.95925216849550     -3.77913484610233      H 
  -6.5242136783111E-05   1.8206633389991E-05   2.2408632273912E-05
   2.2753108449415E-05  -5.5167933581171E-06   1.5569762444984E-05
  -1.2165952016864E-05  -7.8505822588077E-06  -2.5074674420580E-06
   8.6839296760709E-06   7.9097059947245E-06   8.8591637162635E-06
   1.6175327835430E-05  -4.7574791499540E-06   1.6204710843878E-05
  -1.8726056648292E-05  -1.6376403109916E-06  -8.4634381292463E-06
  -5.4133730122469E-07  -1.4003865568494E-06  -3.2526758527314E-06
  -7.4610958989909E-06  -1.2981989217996E-05  -4.7230133522136E-06
  -2.1836863410258E-06  -1.0689896276282E-05   4.8500273071180E-06
  -1.5231699746664E-06  -1.5851935397392E-05   4.5497668265197E-06
   1.4040531304032E-06  -3.2539274881230E-06   1.0914783724678E-05
   8.7137338202070E-06  -3.7146173740835E-06  -8.6240322301388E-06
   1.9791460736043E-06  -8.5998435970329E-07  -5.8620257145635E-06
   3.9745917004893E-06   7.7553230502660E-06  -9.3488442841058E-06
   3.2261563317928E-06  -5.4726406740816E-06  -9.8780384815217E-06
   1.5375375277293E-07   8.1968360456867E-07  -1.3690914795587E-05
   3.0744986828652E-06  -5.5006477030775E-06  -9.1559223963394E-06
  -3.6168244064479E-06   1.8022198774003E-05  -3.0118499475947E-06
   6.3228594538001E-06  -3.1373627166099E-06   2.1463023040976E-05
   1.2681178975214E-06   3.8864738342089E-06   5.4106122788847E-06
   4.7409370818618E-06   2.3125975396263E-06   2.1109928834577E-05
  -2.4747299556141E-06   1.1208497113718E-05   1.2444492424215E-05
  -8.9943862792765E-06   7.0910834952760E-06   1.6933820671805E-06
  -1.3640961040892E-05   1.2165723917197E-05   1.6304630615028E-06
  -5.5373375476769E-06   7.5687404100550E-06  -1.1234693432002E-06
   2.6048709028834E-06   1.1090892718184E-06   4.4708733950454E-06
   2.3876735897090E-06  -2.4867368957988E-06  -9.1365744926076E-06
   6.7261503352117E-06  -3.8321301919855E-06   1.1550759953386E-05
  -6.8439355050030E-06   5.0954067120502E-06   1.5386055007363E-05
   6.6387524508605E-06   1.3162904442448E-06   3.6330562187768E-06
   3.8689599053029E-06  -1.1281712633772E-05   1.0237543098662E-05
  -8.8843618945096E-07  -7.8357228091646E-06   1.0291883747365E-06
  -5.6734364125920E-06   3.0067770190439E-06   3.8292930028058E-06
   1.2507600810931E-06   4.6541769734457E-06   5.9488282882289E-06
  -7.0524127325185E-06  -4.8646173619211E-06  -4.8217160214343E-06
   1.1179730936328E-05  -1.9884028172844E-06  -2.8939957293936E-07
  -3.1227647126244E-06  -1.6921254998789E-05   4.7062241388619E-06
   3.4109967027382E-06  -2.2333645414092E-05   1.0363459650174E-05
  -3.8732029306549E-06  -1.5833120336697E-05   2.9646366658994E-06
  -6.1508593181446E-06   6.4910035815377E-06  -7.2897223310061E-06
  -1.0457468206706E-05   3.8427059761942E-06  -9.7741702321043E-06
   4.2191441170080E-06   2.3354832055686E-06  -7.9005693065751E-06
   3.9487807091495E-06   2.7841852258520E-06  -1.0104821553362E-05
   1.2657763594069E-06   2.8229359718428E-06  -1.3847083924230E-05
   1.9337902386846E-06  -2.6224770300665E-06  -1.2537486569719E-05
  -3.4952835655953E-06  -2.8821564198522E-06  -9.4963453518861E-06
  -7.5774894539540E-07   9.2573535531709E-06   5.6284935955676E-06
   7.6192459014108E-06   1.0850465655684E-05   1.3304317943262E-05
   6.2680421090564E-06  -8.9376308115604E-07  -1.7986201440610E-05
  -2.1590933320906E-05  -1.0206763947854E-05   4.8412365704295E-06
   1.2477081998163E-06   5.1333945383404E-06   1.2943511755198E-05
   7.5138130867460E-07   2.1922313276884E-06   7.9384128075774E-06
  -5.6168387008542E-06   8.0307853545363E-06   5.7372227552585E-06
  -1.0841397816364E-05   8.8857888198050E-06   1.5771241809730E-06
  -1.0531211826260E-05   1.6618073460680E-05   1.0442002645108E-05
  -5.8084396167537E-06   7.9105756554203E-06   2.0073044108660E-06
  -2.6579509823895E-06  -7.0549466875166E-06   7.0684308939387E-06
  -6.0402040291783E-07  -1.4126286035888E-05   8.9504572064169E-06
   4.6597645364955E-06  -1.3288186509373E-05   7.3209014400116E-06
   1.1855047823751E-05  -1.6650654045112E-07   4.7753672403705E-06
   2.2211472504496E-05   3.0312982079577E-05   9.6124905366583E-06
  -5.9277135963505E-06  -4.7931722533304E-06   2.0543357726597E-05
   3.2033393669501E-05  -5.7849002958999E-06   7.6589657238563E-06
   4.4019200022982E-06  -5.7196018975298E-07   1.3757088146663E-05
   8.7483232095695E-06   3.0425958731094E-06  -1.0377849923392E-05
  -1.2196928164700E-05  -1.2399799677049E-06  -3.3922008449142E-06
   2.7038315028313E-06   1.7650493081796E-05  -4.0558780629961E-06
  -1.7351660050996E-05   4.3611916665376E-06  -1.6501994700904E-05
   7.6668224737954E-06  -1.9245723365506E-05  -3.0412829227480E-05
   2.7006409491519E-06  -7.4177996393692E-06  -9.7395357879018E-06
   1.3593179927026E-05  -1.3532226389956E-05  -1.6091085249281E-05
   3.0726395712870E-06   8.8082490532506E-06  -1.2025619051391E-05
   1.9363986124136E-05   1.5608963028702E-05  -1.3987799745452E-05
   8.9366719940885E-06   8.4939069908259E-06   7.3922664505584E-06
  -8.5438280270389E-06  -4.4247830347219E-06  -1.1407193097839E-05
  -5.2045800342576E-06   3.6197134170610E-06  -1.3119117282640E-05
   5.6713128590163E-07   7.3831465928533E-06  -1.3067820769572E-05
   2.4948486434450E-06  -9.1147668150404E-06  -1.9729087669007E-05
   4.4970733011573E-06  -1.1195001149121E-05  -1.5993824489451E-05
$end
