           1           2  0.97810034705916815     
           2           3   1.0128830259306136     
           3           4  0.94864869772480886     
           1           5  0.96428723697133667     
           4           5  0.98869198797675573     
           5           6  0.97743988234895518     
           6           7   1.3890013890743322     
           7           8   1.4439069939310563     
           6           9  0.10438859749908466     
           8           9   1.4374431441601128     
           7          10  0.10842615370474157     
           9          10   1.4337272907165644     
           6          11   1.3814964854170586     
           8          11  0.10946999232566541     
          10          11   1.4484649122045246     
           5          12  0.98853639338002219     
          12          13   1.3874959889828129     
          13          14   1.4434065354783721     
          12          15  0.10628659001694232     
          14          15   1.4384074115671228     
          13          16  0.10851422182731800     
          15          16   1.4313286984458531     
          12          17   1.3818623562929200     
          14          17  0.10852733300802750     
          16          17   1.4506969722966740     
           2          18   1.0076573472045400     
          18          19  0.97660334631860146     
           1          20  0.95493564187748670     
          19          20   1.0003309901628419     
          20          21  0.97246587998137202     
          21          22   1.3750009503247194     
          22          23   1.4536761530603048     
          21          24  0.10627879693558301     
          23          24   1.4267375529441508     
          22          25  0.10831528416497592     
          24          25   1.4408530209647921     
          21          26   1.3939702366520852     
          23          26  0.10794630546606902     
          25          26   1.4405366022293438     
          20          27  0.96901698815401927     
          27          28   1.3913956848541731     
          28          29   1.4438181613717116     
          27          30  0.10524149436505280     
          29          30   1.4377137948424932     
          28          31  0.10785856782726128     
          30          31   1.4326554290056621     
          27          32   1.3851995298681192     
          29          32  0.10964525403647103     
          31          32   1.4483070152943043     
           3          33  0.95192629468796053     
           3          34  0.95648606107391609     
           4          35  0.94172633486541035     
           4          36  0.93293771951048532     
           7          37  0.95945773597184958     
           8          38  0.96956114116364744     
           9          39  0.97088246891500152     
          10          40  0.96955887403748753     
          11          41  0.93765635782538215     
          13          42  0.96165833145083934     
          14          43  0.96942874121034006     
          15          44  0.97090022119696162     
          16          45  0.96961909101441146     
          17          46  0.91557858188335861     
          18          47  0.93002879065483923     
          18          48  0.95207446848760791     
          19          49  0.92941861904251410     
          19          50  0.93915905982269243     
          22          51  0.87450714885785286     
          23          52  0.96920926705881316     
          24          53  0.97057489299168753     
          25          54  0.96925790195079631     
          26          55  0.96096201511883883     
          28          56  0.94797233838930861     
          29          57  0.96986884472315893     
          30          58  0.97079974721019802     
          31          59  0.96883689915532889     
          32          60  0.95903019518102772     
           1          61   1.3726496666506027     
           1          62  0.33504644111921755     
          61          62   2.0375480683540261     
           1          63  0.70427990961862741     
          64          65   1.0133715675913977     
          65          66  0.99559122535259936     
          66          67   1.4181611623136265     
          67          68   1.4333216172667342     
          66          69  0.10908136961862401     
          68          69   1.4453859468159169     
          67          70  0.10885486825854832     
          69          70   1.4294221391277202     
          66          71   1.4041569081642797     
          68          71  0.11237589288488550     
          70          71   1.4545512626158472     
          64          72  0.80904640564986652     
          65          73  0.95763236421326769     
          65          74  0.95196745714089448     
          67          75  0.96359739394172517     
          68          76  0.97102466923261077     
          69          77  0.97149338654808792     
          70          78  0.97082677395948158     
          71          79  0.96993853170407462     
