           1           2   1.0006781362894377     
           2           3   1.1701017619231175     
           2           4  0.10236859830416530     
           3           4   1.5322435165459458     
           4           5   1.1655587838115133     
           5           6   1.3355301801731285     
           6           7   1.3850772203539647     
           7           8   1.3985303929878017     
           8           9   1.4177445583060435     
           5          10   1.2536506946632806     
           9          10   1.3012870989997096     
           2          11   1.0530147531353971     
          10          11   1.1223684528325659     
           2          12  0.11568323645841498     
          11          12   1.5069345962331417     
           1          13  0.97719991468667666     
           1          14  0.97719992248934928     
           1          15  0.98234356757638008     
           3          16  0.95234764959809881     
           6          17  0.97105929562768223     
           7          18  0.97223252360381074     
           8          19  0.97203788396054969     
           9          20  0.96980770480260658     
