$hessian                                                                        
        0.4540363944   0.0274932794   0.0033774800  -0.2103134212   0.0299782633
        0.0061658868  -0.0128663038   0.0086379968   0.0009307301  -0.0002199665
        0.0011450960   0.0002319780  -0.0003904108   0.0000896151   0.0000013740
        0.0002437974   0.0001749484  -0.0000093490  -0.0001986394   0.0000078197
        0.0000012799  -0.0003284982  -0.0002931261  -0.0000303579  -0.0012098782
        0.0004581488   0.0000565230  -0.0000495362  -0.0031412161  -0.0001167494
       -0.0293257259  -0.0034240377   0.0003980945  -0.0024010115   0.0003338646
        0.0000644864  -0.0409129228   0.0163318774   0.0013073136  -0.0820245790
       -0.0333968549  -0.0861127540  -0.0746446559  -0.0434930474   0.0738364285
        0.0005944435  -0.0010703181  -0.0001315097  -0.0000099458  -0.0000124182
        0.0000003430   0.0000246391  -0.0000124433   0.0000016521  -0.0000872317
        0.0000622266   0.0000109931   0.0000834526   0.0001303257   0.0000161568
        0.0274932794   0.5293869325   0.0015932617   0.0283023042  -0.0844304865
       -0.0031315126   0.0269210653  -0.0069215513  -0.0008585452   0.0058469699
       -0.0079910292  -0.0012829720  -0.0007315519  -0.0002945756   0.0000450965
        0.0001295417   0.0000384655   0.0000757816   0.0000105334  -0.0001172621
       -0.0000025211  -0.0002933388  -0.0000413133   0.0000568022  -0.0009166394
        0.0006174359   0.0001175738  -0.0040510703  -0.0028911370  -0.0006574538
       -0.0167609246   0.0080043759   0.0011112013  -0.0054378707  -0.0020093957
        0.0000332594   0.0109970702  -0.2790996522  -0.0201275155  -0.0317476406
       -0.0650954933  -0.0610923049  -0.0417284439  -0.0899569907   0.0840632020
        0.0020959818   0.0005566985   0.0000830199  -0.0000960135   0.0000609443
        0.0000105903  -0.0000035563   0.0000296464  -0.0000150849  -0.0001327150
        0.0000233838  -0.0000109065   0.0001030189   0.0001310042  -0.0000109722
        0.0033774800   0.0015932617   0.5020851787   0.0060030947  -0.0031289718
       -0.0551585411   0.0024929276  -0.0004973102  -0.0044280095   0.0006181695
       -0.0011480022   0.0056660642  -0.0000655876  -0.0000029853  -0.0006000120
       -0.0000212048   0.0000864372  -0.0009105619  -0.0000070988  -0.0000074320
       -0.0000831993  -0.0000335144   0.0000491155  -0.0006280477  -0.0000469437
        0.0000970014  -0.0005247488  -0.0001849445  -0.0006833192   0.0061311999
       -0.0007012365   0.0008265214  -0.0004624173  -0.0004105066  -0.0001136162
       -0.0008569449   0.0008509849  -0.0202487700  -0.0460107613  -0.0850967964
       -0.0619869695  -0.2105828748   0.0730908536   0.0850296324  -0.1931566079
        0.0001314210   0.0001682484  -0.0010624442  -0.0000100350   0.0000068618
       -0.0000463068   0.0000064343  -0.0000145738   0.0002063657  -0.0000044142
       -0.0000140702   0.0002022898   0.0000109168  -0.0000110595   0.0002203791
       -0.2103134212   0.0283023042   0.0060030947   0.5996313427  -0.0493020015
       -0.0160348796  -0.1055056625   0.0693706602   0.0073648077  -0.0325575045
        0.0521625295   0.0055483455   0.0049957202  -0.0029125844  -0.0005434120
       -0.0011454472  -0.0000647598   0.0000245123   0.0009798014   0.0004639522
        0.0000257472  -0.0009068598  -0.0007994483  -0.0000462139  -0.0055165235
        0.0038346127   0.0005879112  -0.0462629410  -0.0195089805  -0.0004531887
       -0.1479360929  -0.0625040462  -0.0027613826   0.0128077052  -0.0150680898
       -0.0012281770  -0.0091632431   0.0098937931   0.0010756317  -0.0318312271
        0.0040958735  -0.0067482879  -0.0303171746   0.0024719575   0.0088720464
        0.0025134196  -0.0210033408  -0.0016893883   0.0002539113  -0.0001324891
       -0.0000183285   0.0000485261   0.0001059402   0.0000101681  -0.0006178704
        0.0000782673  -0.0000056199   0.0008435412   0.0005158500   0.0000166135
        0.0299782633  -0.0844304865  -0.0031289718  -0.0493020015   0.6343741877
        0.0458188272   0.0188105571  -0.2594833047  -0.0187278554   0.0802434619
       -0.0334069946  -0.0062040978  -0.0222482047  -0.0182002747  -0.0003819152
        0.0087743407   0.0023514623  -0.0000324848  -0.0044184184  -0.0080884738
       -0.0006016738  -0.0067749196   0.0086388432   0.0009001579   0.0150739981
        0.0051661790  -0.0004020986  -0.0345905790   0.0100316757   0.0015112954
       -0.0171807054  -0.1250298147  -0.0062397054  -0.0322349002  -0.0943621515
       -0.0082466813   0.0337213501  -0.0127974465  -0.0019397004  -0.0077214374
        0.0032984068   0.0016247935  -0.0118980708   0.0045465358  -0.0009682589
       -0.0010480531  -0.0337931095  -0.0031630154  -0.0006539610   0.0005903403
        0.0000584087   0.0001684325   0.0000231187  -0.0000006994   0.0000056807
        0.0001689391   0.0001080202   0.0012951667   0.0004023678   0.0000156553
        0.0061658868  -0.0031315126  -0.0551585411  -0.0160348796   0.0458188272
        0.1017479652   0.0031417424  -0.0199443184  -0.0411914128   0.0078901375
       -0.0055111218   0.0171430781  -0.0021494275  -0.0008514010  -0.0070844463
        0.0007539647   0.0001892712  -0.0000987358  -0.0003628442  -0.0007211733
        0.0005945911  -0.0005489452   0.0007481383  -0.0000345771   0.0015107007
       -0.0001324508   0.0054333706  -0.0017107963   0.0011381605   0.0022340656
        0.0010342125  -0.0051525466  -0.0456474574  -0.0026703803  -0.0086534460
        0.0130454947   0.0030788288  -0.0013637767   0.0004419823  -0.0241319502
        0.0058253945   0.0041028088   0.0240477881  -0.0057697891   0.0013896130
       -0.0000366173  -0.0026872605   0.0044399502  -0.0000651672   0.0000700890
       -0.0001774845   0.0000136005  -0.0000083225   0.0000645231  -0.0000077304
        0.0000919193  -0.0009760458   0.0000818762   0.0000453195  -0.0002687419
       -0.0128663038   0.0269210653   0.0024929276  -0.1055056625   0.0188105571
        0.0031417424   0.8123601946  -0.0269834929  -0.0188926004  -0.4511440379
        0.1298446906   0.0204393944  -0.0924479434  -0.0287067458  -0.0000455253
        0.0109469286  -0.0034211687  -0.0004685330  -0.0066030509  -0.0094580748
       -0.0005980308  -0.0042778734   0.0067820283   0.0006786552   0.0050306610
        0.0024487648   0.0000709734  -0.0140670015   0.0133823045   0.0014136968
        0.0414606871  -0.0056046650  -0.0015533952  -0.0102863220  -0.0070161485
       -0.0002310191  -0.0052899387   0.0026401580   0.0003293239  -0.0003182158
        0.0013031232   0.0005128157  -0.0002745085   0.0013553400  -0.0002696508
       -0.1669307232  -0.1228049886  -0.0070243952  -0.0002834747   0.0000413119
       -0.0000110946  -0.0001091856  -0.0002838413  -0.0000341062   0.0000884186
        0.0002439788   0.0000268549   0.0005173520   0.0005058033   0.0000219662
        0.0086379968  -0.0069215513  -0.0004973102   0.0693706602  -0.2594833047
       -0.0199443184  -0.0269834929   0.5899579748   0.0392865518   0.1179922879
       -0.1304797536  -0.0093525056  -0.0071848299   0.0225628475   0.0017370348
       -0.0136635425  -0.0050921278  -0.0003935676   0.0029809483   0.0069731917
        0.0004441100   0.0047712604  -0.0062751454  -0.0006611618  -0.0085776759
       -0.0030028512  -0.0000057217   0.0186024718  -0.0064132018  -0.0008506134
       -0.0461762780  -0.0419185261  -0.0019582355   0.0061432123  -0.0051453636
       -0.0010298599  -0.0007698612  -0.0016616650  -0.0001143026  -0.0020171655
        0.0005224951  -0.0013370552  -0.0021769753   0.0003482710   0.0014480451
       -0.1217464804  -0.1529859455  -0.0067361889   0.0009475440  -0.0006170715
       -0.0000506022  -0.0002220308  -0.0001139264   0.0000374586   0.0002980795
       -0.0001120568  -0.0000306676  -0.0002261288  -0.0001422892   0.0000089102
        0.0009307301  -0.0008585452  -0.0044280095   0.0073648077  -0.0187278554
       -0.0411914128  -0.0188926004   0.0392865518   0.1287260266   0.0194553861
       -0.0096388860  -0.0536268967   0.0017434709   0.0022733595   0.0037520168
       -0.0013014878  -0.0006613301   0.0039378078   0.0004152459   0.0007544724
        0.0005704841   0.0005092384  -0.0007022165   0.0001494561  -0.0008367811
       -0.0002771640  -0.0002919348   0.0018391431  -0.0007232128  -0.0017967744
       -0.0049800799  -0.0029594964  -0.0052189552   0.0008933739  -0.0007114818
        0.0054963148   0.0000761921  -0.0002404007   0.0004039914  -0.0015900908
        0.0005511503   0.0004266344   0.0012693713  -0.0006199128   0.0005136503
       -0.0069422270  -0.0067026504  -0.0367926757   0.0000866926  -0.0000550449
        0.0000125302  -0.0000286164   0.0000445867  -0.0005406361   0.0000213484
       -0.0000118065  -0.0000291885  -0.0000331171  -0.0000201171  -0.0000724286
       -0.0002199665   0.0058469699   0.0006181695  -0.0325575045   0.0802434619
        0.0078901375  -0.4511440379   0.1179922879   0.0194553861   0.7398478222
       -0.0420068754  -0.0195712517  -0.1455393502  -0.0983932593  -0.0060379391
       -0.0641647986  -0.0234756509  -0.0003743116   0.0011576103   0.0166656903
        0.0015377935   0.0040602517  -0.0085593063  -0.0008189890  -0.0030046696
       -0.0014962188   0.0001205851   0.0170849196  -0.0360655595  -0.0032185463
       -0.0363198010  -0.0083471652   0.0001201969   0.0078738907  -0.0028860056
       -0.0004773718  -0.0026376758  -0.0004269841   0.0000392017  -0.0000338937
       -0.0002040367  -0.0003178894  -0.0000660197  -0.0002418163   0.0002922346
       -0.0352567967   0.0036479367   0.0010604708   0.0025411524  -0.0010083122
       -0.0002111567  -0.0013160097  -0.0009313824  -0.0000396842   0.0001735749
       -0.0000432790  -0.0000551156  -0.0004786978  -0.0003104948  -0.0000119202
        0.0011450960  -0.0079910292  -0.0011480022   0.0521625295  -0.0334069946
       -0.0055111218   0.1298446906  -0.1304797536  -0.0096388860  -0.0420068754
        0.3955743691   0.0274185898  -0.0944142897  -0.1901318435  -0.0086609796
       -0.0085783267   0.0093213343   0.0009594149   0.0043555351   0.0047302208
       -0.0003080885   0.0011289216  -0.0020676857  -0.0001736762   0.0030412406
       -0.0078909990  -0.0013299319  -0.0274896678  -0.0495474129  -0.0040989076
       -0.0011582343   0.0074934408   0.0008606174  -0.0000667817  -0.0019736241
       -0.0000087641   0.0023902055  -0.0005532250  -0.0001234149  -0.0004076200
        0.0001156255   0.0001239030  -0.0002328848   0.0000784155  -0.0001196193
       -0.0176876734   0.0068880364   0.0013573562  -0.0006837393   0.0011807965
        0.0003416974   0.0003877224   0.0003209693   0.0000173210   0.0000305049
        0.0001528967   0.0001696960  -0.0017603530  -0.0018135373  -0.0001272038
        0.0002319780  -0.0012829720   0.0056660642   0.0055483455  -0.0062040978
        0.0171430781   0.0204393944  -0.0093525056  -0.0536268967  -0.0195712517
        0.0274185898   0.0801399452  -0.0057147806  -0.0085611880  -0.0586454563
        0.0008651559   0.0013156283   0.0003212634   0.0005260852  -0.0005895009
        0.0071775565  -0.0000190826   0.0000541723  -0.0002768217   0.0004978651
       -0.0012251756   0.0069916799  -0.0025002960  -0.0038843599   0.0075911312
        0.0007351587   0.0010439744  -0.0023226294  -0.0002406058   0.0000588877
       -0.0019392633   0.0002627312  -0.0000483891   0.0001449758   0.0011099617
       -0.0003159351   0.0000776855  -0.0011518275   0.0003238113   0.0001474294
       -0.0007163336   0.0008355028  -0.0041658827  -0.0001902878   0.0003601694
       -0.0027849081   0.0000634487   0.0000434569   0.0000352882  -0.0000445183
        0.0001653604  -0.0018209691  -0.0001311406  -0.0001554293   0.0001467301
       -0.0003904108  -0.0007315519  -0.0000655876   0.0049957202  -0.0222482047
       -0.0021494275  -0.0924479434  -0.0071848299   0.0017434709  -0.1455393502
       -0.0944142897  -0.0057147806   0.6640020644  -0.0084413485  -0.0134787785
       -0.2620291173   0.1020792161   0.0136570789  -0.0597254275  -0.0574286043
       -0.0033414458  -0.0259498004   0.0346754567   0.0033729053   0.0408214943
       -0.0105550176  -0.0018779253  -0.1056522857   0.0279337000   0.0036008663
        0.0087600726   0.0293711222   0.0021937241  -0.0109141042   0.0054303220
        0.0008057301   0.0010709183   0.0003255459   0.0000038479   0.0003064541
        0.0000468171   0.0003487611   0.0003004481   0.0001076357  -0.0003469159
       -0.0058658319   0.0015235444   0.0005479859  -0.0064984648   0.0050594179
        0.0006268485  -0.0021849398  -0.0029745645   0.0000304866   0.0000669994
        0.0007628573   0.0000703767  -0.0031264954  -0.0033372240  -0.0000272212
        0.0000896151  -0.0002945756  -0.0000029853  -0.0029125844  -0.0182002747
       -0.0008514010  -0.0287067458   0.0225628475   0.0022733595  -0.0983932593
       -0.1901318435  -0.0085611880  -0.0084413485   0.6091611043   0.0390430783
        0.0506790951  -0.1136874172  -0.0063489595  -0.0041708261   0.0391138879
        0.0034242323   0.0274193133  -0.0245121136  -0.0022096567  -0.0523845768
       -0.0444257523  -0.0024157101   0.0571434946  -0.2589230686  -0.0185221172
        0.0365271412  -0.0114236390  -0.0017071496  -0.0035830314   0.0055157017
        0.0002631012   0.0006302887   0.0002173688   0.0000100739   0.0000736916
       -0.0000024115   0.0001663813   0.0000308811   0.0000527803  -0.0001610138
        0.0016945312   0.0006639088  -0.0009699689   0.0291692372  -0.0128845988
       -0.0019322161  -0.0035999104  -0.0020624976  -0.0008531558   0.0008701863
        0.0000153785  -0.0000486843  -0.0021351927  -0.0007547852  -0.0005960201
        0.0000013740   0.0000450965  -0.0006000120  -0.0005434120  -0.0003819152
       -0.0070844463  -0.0000455253   0.0017370348   0.0037520168  -0.0060379391
       -0.0086609796  -0.0586454563  -0.0134787785   0.0390430783   0.1462005577
        0.0093697915  -0.0075990445  -0.0532318894   0.0010911635   0.0047240839
       -0.0004201157   0.0027795929  -0.0023863622  -0.0064548393  -0.0053626441
       -0.0034402957  -0.0000411857   0.0060319074  -0.0178079839  -0.0550030891
        0.0027833840  -0.0015115466  -0.0018913291   0.0000574408   0.0000190047
        0.0036057292   0.0000268845   0.0000101220  -0.0000054733  -0.0002141756
        0.0002294925   0.0000421400   0.0002091698  -0.0002323564  -0.0000169591
        0.0005665498  -0.0009593867   0.0116928187   0.0026344232  -0.0013496424
        0.0016326861  -0.0000149745  -0.0008701509   0.0092106607   0.0000737124
       -0.0000325095   0.0001996225   0.0000720557  -0.0005757390   0.0070585636
        0.0002437974   0.0001295417  -0.0000212048  -0.0011454472   0.0087743407
        0.0007539647   0.0109469286  -0.0136635425  -0.0013014878  -0.0641647986
       -0.0085783267   0.0008651559  -0.2620291173   0.0506790951   0.0093697915
        0.6430158544   0.0270379644  -0.0107731440  -0.2372461734  -0.0908909129
       -0.0028440886   0.0454793951  -0.0641197823  -0.0064295089  -0.0568659882
       -0.0112717646   0.0003608810   0.0041794682   0.0700244529   0.0058058149
       -0.0032211839  -0.0003535675   0.0002361868   0.0003208319   0.0001337256
       -0.0000354890  -0.0002482090  -0.0002052672  -0.0000109405  -0.0001080147
       -0.0000322578  -0.0000839963  -0.0000945507  -0.0000466844   0.0000826678
       -0.0013021226   0.0005123927   0.0000798219  -0.0527131386   0.0488799666
        0.0045487136  -0.0256041815  -0.0186153558  -0.0008945382   0.0009043107
        0.0015524486   0.0002779243  -0.0003476606   0.0000535334   0.0000134757
        0.0001749484   0.0000384655   0.0000864372  -0.0000647598   0.0023514623
        0.0001892712  -0.0034211687  -0.0050921278  -0.0006613301  -0.0234756509
        0.0093213343   0.0013156283   0.1020792161  -0.1136874172  -0.0075990445
        0.0270379644   0.6849689668   0.0469790274  -0.1659277353  -0.2114354805
       -0.0097683725  -0.0082702878  -0.0556125775  -0.0045309777  -0.0142345377
        0.0008962762   0.0007650110   0.0316832525  -0.0099311914  -0.0018447297
       -0.0006687577  -0.0066706200  -0.0011756685   0.0022363632  -0.0005636353
        0.0000199165  -0.0000853612  -0.0000093842   0.0000004963  -0.0000104463
       -0.0000430625  -0.0000383053  -0.0000347410  -0.0000352214   0.0000340364
       -0.0015055890   0.0002366913   0.0000307403   0.0485147161  -0.2951214722
       -0.0230043202   0.0051213049   0.0053321770   0.0002149899   0.0011506090
       -0.0056702899  -0.0010738308  -0.0002993392   0.0007271062   0.0000610247
       -0.0000093490   0.0000757816  -0.0009105619   0.0000245123  -0.0000324848
       -0.0000987358  -0.0004685330  -0.0003935676   0.0039378078  -0.0003743116
        0.0009594149   0.0003212634   0.0136570789  -0.0063489595  -0.0532318894
       -0.0107731440   0.0469790274   0.1172649520  -0.0090932876  -0.0116149660
       -0.0458844892  -0.0017736996  -0.0031580722   0.0009901060   0.0001065016
        0.0006895984  -0.0040114327   0.0026106879  -0.0027903226   0.0026829668
        0.0002099437  -0.0011962019   0.0077177252   0.0001410660   0.0000825713
       -0.0016165194  -0.0000014665   0.0000050294  -0.0000061362  -0.0001525934
        0.0000436550  -0.0000099219   0.0001519237  -0.0000450524  -0.0000224804
       -0.0000849573  -0.0000221348   0.0003391659   0.0045144246  -0.0230010451
       -0.0355927817   0.0010884030   0.0007996473   0.0012819589   0.0002424565
       -0.0010900266   0.0068391076  -0.0000156563   0.0000581082   0.0000098949
       -0.0001986394   0.0000105334  -0.0000070988   0.0009798014  -0.0044184184
       -0.0003628442  -0.0066030509   0.0029809483   0.0004152459   0.0011576103
        0.0043555351   0.0005260852  -0.0597254275  -0.0041708261   0.0010911635
       -0.2372461734  -0.1659277353  -0.0090932876   0.6802706301   0.0094630673
       -0.0130781010  -0.1034569445   0.0817096535   0.0081457668   0.0021120449
        0.0337571386   0.0027933672  -0.0036171876  -0.0157107381  -0.0013611996
        0.0013876757   0.0015973038   0.0000833413   0.0000386615  -0.0010071717
       -0.0000767522   0.0001108579   0.0000577676   0.0000042361   0.0000622609
        0.0000255496   0.0000795834   0.0000591147   0.0000289698  -0.0000769218
       -0.0003872156   0.0000538834  -0.0000152264   0.0037420339   0.0023602191
        0.0001225066  -0.2766948202   0.0745219634   0.0121744297   0.0030669403
       -0.0217759011  -0.0018737964  -0.0050581724   0.0020882576   0.0005095025
        0.0000078197  -0.0001172621  -0.0000074320   0.0004639522  -0.0080884738
       -0.0007211733  -0.0094580748   0.0069731917   0.0007544724   0.0166656903
        0.0047302208  -0.0005895009  -0.0574286043   0.0391138879   0.0047240839
       -0.0908909129  -0.2114354805  -0.0116149660   0.0094630673   0.6367098342
        0.0429996762   0.0019538693  -0.2974806537  -0.0207488065   0.0907243221
       -0.0123332663  -0.0033710081  -0.0250276546  -0.0470655227  -0.0028576562
        0.0068605379  -0.0008727808  -0.0002404223  -0.0010183167   0.0019112037
        0.0002110149   0.0002769893   0.0001914057   0.0000051979   0.0000803109
        0.0000012814   0.0001102812   0.0000749210   0.0000294548  -0.0001070010
        0.0001652243  -0.0001199498   0.0000670167  -0.0207689694  -0.0223437594
       -0.0013923667   0.0744574813  -0.0676394492  -0.0045237613   0.0017370672
       -0.0224106479  -0.0019814898   0.0016612798   0.0002467660  -0.0007161591
        0.0000012799  -0.0000025211  -0.0000831993   0.0000257472  -0.0006016738
        0.0005945911  -0.0005980308   0.0004441100   0.0005704841   0.0015377935
       -0.0003080885   0.0071775565  -0.0033414458   0.0034242323  -0.0004201157
       -0.0028440886  -0.0097683725  -0.0458844892  -0.0130781010   0.0429996762
        0.1218161746   0.0015016270  -0.0227155558  -0.0509250763   0.0075453290
       -0.0019673505   0.0010091413  -0.0021372221  -0.0030769439  -0.0057722709
        0.0005374897  -0.0001010226  -0.0002207345  -0.0000921024   0.0002019760
       -0.0001288696   0.0000203505   0.0000142163   0.0000003087  -0.0000037641
       -0.0000118085   0.0000004292   0.0000133763   0.0000142948  -0.0000127155
       -0.0000034283   0.0000789941  -0.0010743375  -0.0018087919  -0.0019658393
        0.0004218856   0.0121619093  -0.0045154705  -0.0362272114   0.0000918776
       -0.0014062060   0.0007708312   0.0004701949  -0.0007366468   0.0083876175
       -0.0003284982  -0.0002933388  -0.0000335144  -0.0009068598  -0.0067749196
       -0.0005489452  -0.0042778734   0.0047712604   0.0005092384   0.0040602517
        0.0011289216  -0.0000190826  -0.0259498004   0.0274193133   0.0027795929
        0.0454793951  -0.0082702878  -0.0017736996  -0.1034569445   0.0019538693
        0.0015016270   0.6805317174   0.0139417868  -0.0127254733  -0.3267458099
        0.1145741980   0.0164340369  -0.0673465401  -0.0450681248  -0.0020492430
        0.0055689688  -0.0050353491  -0.0003610788   0.0000004389   0.0020703652
        0.0001438206   0.0002802605   0.0000778841   0.0000014009   0.0000180831
        0.0000300972   0.0000649427   0.0000203795   0.0000306365  -0.0000626936
        0.0001354132  -0.0001133446  -0.0000105648  -0.0026995678  -0.0037884484
       -0.0000401041  -0.0083477554   0.0278645940   0.0025652997  -0.1887001961
       -0.1284612675  -0.0069166617  -0.0073350629   0.0039421541   0.0005411020
       -0.0002931261  -0.0000413133   0.0000491155  -0.0007994483   0.0086388432
        0.0007481383   0.0067820283  -0.0062751454  -0.0007022165  -0.0085593063
       -0.0020676857   0.0000541723   0.0346754567  -0.0245121136  -0.0023863622
       -0.0641197823  -0.0556125775  -0.0031580722   0.0817096535  -0.2974806537
       -0.0227155558   0.0139417868   0.6363578657   0.0431266588   0.0382615050
       -0.1189258391  -0.0070061600   0.0087548054   0.0440770018   0.0032807937
       -0.0119657444  -0.0027363914  -0.0005823255   0.0018636320  -0.0017870904
       -0.0001092877  -0.0002637162  -0.0001870859  -0.0000035641  -0.0000628126
        0.0000033125  -0.0000466446  -0.0000847497  -0.0000188096   0.0000500728
        0.0001174579   0.0001842560   0.0000145776  -0.0031673668  -0.0015831260
       -0.0007649234   0.0043375450  -0.0106569968  -0.0011142364  -0.1283110626
       -0.1569745993  -0.0070911777   0.0271832448  -0.0104018515  -0.0016430029
       -0.0000303579   0.0000568022  -0.0006280477  -0.0000462139   0.0009001579
       -0.0000345771   0.0006786552  -0.0006611618   0.0001494561  -0.0008189890
       -0.0001736762  -0.0002768217   0.0033729053  -0.0022096567  -0.0064548393
       -0.0064295089  -0.0045309777   0.0009901060   0.0081457668  -0.0207488065
       -0.0509250763  -0.0127254733   0.0431266588   0.1185983016   0.0100819009
       -0.0088755804  -0.0470800295   0.0024350416   0.0045967836   0.0025169551
       -0.0009521264  -0.0007547613   0.0077433126   0.0001306074  -0.0001146836
       -0.0010283186  -0.0000285343  -0.0000168517  -0.0000057058  -0.0001483142
        0.0000225893  -0.0000130244   0.0001347520  -0.0000236877  -0.0000118321
        0.0000074031   0.0000168614   0.0000244237   0.0000135107  -0.0007551360
        0.0085332081   0.0006049631  -0.0017048239   0.0013983978  -0.0069023591
       -0.0070782213  -0.0346412190   0.0024763705  -0.0010718285   0.0011453304
       -0.0012098782  -0.0009166394  -0.0000469437  -0.0055165235   0.0150739981
        0.0015107007   0.0050306610  -0.0085776759  -0.0008367811  -0.0030046696
        0.0030412406   0.0004978651   0.0408214943  -0.0523845768  -0.0053626441
       -0.0568659882  -0.0142345377   0.0001065016   0.0021120449   0.0907243221
        0.0075453290  -0.3267458099   0.0382615050   0.0100819009   0.6658378799
       -0.0314033853  -0.0160967911  -0.1928612120  -0.0825386758  -0.0033520693
       -0.0480732522  -0.0138582976  -0.0000083678   0.0026894682  -0.0073857451
       -0.0006790644  -0.0001754068  -0.0003875800  -0.0000308638  -0.0002179772
       -0.0000179156   0.0000026492  -0.0002141955  -0.0000048260   0.0000051704
        0.0000735563   0.0002696968  -0.0000180581  -0.0004802110  -0.0001067015
       -0.0000080307   0.0006254297   0.0015281253   0.0002808280  -0.0254098536
        0.0050453711   0.0010622423  -0.0564155564   0.0578722978   0.0053464269
        0.0004581488   0.0006174359   0.0000970014   0.0038346127   0.0051661790
       -0.0001324508   0.0024487648  -0.0030028512  -0.0002771640  -0.0014962188
       -0.0078909990  -0.0012251756  -0.0105550176  -0.0444257523  -0.0034402957
       -0.0112717646   0.0008962762   0.0006895984   0.0337571386  -0.0123332663
       -0.0019673505   0.1145741980  -0.1189258391  -0.0088755804  -0.0314033853
        0.6559036439   0.0457342489  -0.1337932050  -0.1944240641  -0.0088015692
       -0.0103771035   0.0100598209   0.0011905883   0.0034300228  -0.0036096557
       -0.0004150059  -0.0003166489  -0.0000470026   0.0000023077   0.0002117044
       -0.0000302616   0.0000328921   0.0001947612  -0.0000274234  -0.0000470452
        0.0001266680   0.0001317138   0.0001517124  -0.0003939720   0.0007664084
        0.0000828150   0.0017811932  -0.0057678652  -0.0011133282  -0.0185490276
        0.0052438050   0.0008548791   0.0573391309  -0.2883003025  -0.0225410780
        0.0000565230   0.0001175738  -0.0005247488   0.0005879112  -0.0004020986
        0.0054333706   0.0000709734  -0.0000057217  -0.0002919348   0.0001205851
       -0.0013299319   0.0069916799  -0.0018779253  -0.0024157101  -0.0000411857
        0.0003608810   0.0007650110  -0.0040114327   0.0027933672  -0.0033710081
        0.0010091413   0.0164340369  -0.0070061600  -0.0470800295  -0.0160967911
        0.0457342489   0.1206920905  -0.0076227000  -0.0100689374  -0.0499687121
        0.0002746116   0.0012887553  -0.0010895147   0.0002302342  -0.0001553344
        0.0002626818  -0.0000216101   0.0000058055   0.0000073072  -0.0000626552
       -0.0000271385  -0.0000115867   0.0001053462   0.0000252243  -0.0000171686
       -0.0000309616   0.0001413051  -0.0016454874  -0.0000264073   0.0000842452
       -0.0002055394   0.0003080156  -0.0011068171   0.0069618513  -0.0009092713
        0.0002682928   0.0005770839   0.0053058365  -0.0225416042  -0.0370478661
       -0.0000495362  -0.0040510703  -0.0001849445  -0.0462629410  -0.0345905790
       -0.0017107963  -0.0140670015   0.0186024718   0.0018391431   0.0170849196
       -0.0274896678  -0.0025002960  -0.1056522857   0.0571434946   0.0060319074
        0.0041794682   0.0316832525   0.0026106879  -0.0036171876  -0.0250276546
       -0.0021372221  -0.0673465401   0.0087548054   0.0024350416  -0.1928612120
       -0.1337932050  -0.0076227000   0.6188243399   0.0229826562  -0.0102761997
       -0.1810435733   0.0480260949   0.0068534519  -0.0248391153   0.0327814071
        0.0037196967   0.0020350685   0.0006937344   0.0000113423  -0.0006924482
        0.0001500120   0.0001858194  -0.0007707414   0.0001976295  -0.0001176690
        0.0005017758   0.0001824302  -0.0000007076  -0.0054253205   0.0020422582
        0.0004805010   0.0007629150  -0.0007041865  -0.0000883375  -0.0053913184
        0.0017677880   0.0004895238   0.0046307345   0.0006483284  -0.0000182425
       -0.0031412161  -0.0028911370  -0.0006833192  -0.0195089805   0.0100316757
        0.0011381605   0.0133823045  -0.0064132018  -0.0007232128  -0.0360655595
       -0.0495474129  -0.0038843599   0.0279337000  -0.2589230686  -0.0178079839
        0.0700244529  -0.0099311914  -0.0027903226  -0.0157107381  -0.0470655227
       -0.0030769439  -0.0450681248   0.0440770018   0.0045967836  -0.0825386758
       -0.1944240641  -0.0100689374   0.0229826562   0.6529024931   0.0438434950
        0.0362161393  -0.0739290105  -0.0017747998   0.0501723289  -0.0396443166
       -0.0058017479  -0.0002758744  -0.0006764628  -0.0000536197  -0.0007987676
        0.0001509060   0.0001351090  -0.0005755374   0.0001110901  -0.0000953240
        0.0006868823   0.0004480140   0.0000128480   0.0014016356   0.0002051623
       -0.0005855381  -0.0005071010  -0.0004101032   0.0000071353   0.0022727879
        0.0004999359  -0.0007365578  -0.0208823123  -0.0245707872  -0.0016508644
       -0.0001167494  -0.0006574538   0.0061311999  -0.0004531887   0.0015112954
        0.0022340656   0.0014136968  -0.0008506134  -0.0017967744  -0.0032185463
       -0.0040989076   0.0075911312   0.0036008663  -0.0185221172  -0.0550030891
        0.0058058149  -0.0018447297   0.0026829668  -0.0013611996  -0.0028576562
       -0.0057722709  -0.0020492430   0.0032807937   0.0025169551  -0.0033520693
       -0.0088015692  -0.0499687121  -0.0102761997   0.0438434950   0.1233870372
        0.0058883859  -0.0020739789  -0.0635858021   0.0051524197  -0.0053740249
        0.0149307869  -0.0000735590  -0.0000782366   0.0000372698   0.0013460274
       -0.0004205067   0.0000381899  -0.0014182414   0.0004166790   0.0001625415
        0.0000461556   0.0000318454   0.0000211126   0.0004199859  -0.0006098343
        0.0068476087  -0.0000701728   0.0000171157  -0.0003877324   0.0005334962
       -0.0007244344   0.0086036939  -0.0018176798  -0.0021871612   0.0013298217
       -0.0293257259  -0.0167609246  -0.0007012365  -0.1479360929  -0.0171807054
        0.0010342125   0.0414606871  -0.0461762780  -0.0049800799  -0.0363198010
       -0.0011582343   0.0007351587   0.0087600726   0.0365271412   0.0027833840
       -0.0032211839  -0.0006687577   0.0002099437   0.0013876757   0.0068605379
        0.0005374897   0.0055689688  -0.0119657444  -0.0009521264  -0.0480732522
       -0.0103771035   0.0002746116  -0.1810435733   0.0362161393   0.0058883859
        0.5322097597  -0.1618397261  -0.0224101376  -0.1337592739   0.1820218325
        0.0169852404  -0.0026809281  -0.0009407727   0.0000111285  -0.0037769015
       -0.0001344369   0.0002851328  -0.0036763480  -0.0000859114  -0.0001730021
       -0.0001297894   0.0050085478   0.0005361675   0.0004627189  -0.0005494998
       -0.0000629038   0.0002656557  -0.0000690601  -0.0000505301  -0.0001941169
        0.0003749209   0.0000418461   0.0000214486   0.0008980351   0.0000073151
       -0.0034240377   0.0080043759   0.0008265214  -0.0625040462  -0.1250298147
       -0.0051525466  -0.0056046650  -0.0419185261  -0.0029594964  -0.0083471652
        0.0074934408   0.0010439744   0.0293711222  -0.0114236390  -0.0015115466
       -0.0003535675  -0.0066706200  -0.0011962019   0.0015973038  -0.0008727808
       -0.0001010226  -0.0050353491  -0.0027363914  -0.0007547613  -0.0138582976
        0.0100598209   0.0012887553   0.0480260949  -0.0739290105  -0.0020739789
       -0.1618397261   0.8192959483   0.0586308131   0.1718918134  -0.5769471264
       -0.0473378468   0.0056124580   0.0018871107  -0.0001020157   0.0039074383
       -0.0012571756   0.0003427260   0.0034524268  -0.0011950029  -0.0005911541
        0.0008896727  -0.0018434693  -0.0005761600   0.0012935966  -0.0007576683
       -0.0000727491  -0.0002639446  -0.0003302825   0.0001200574  -0.0014945491
       -0.0000603515   0.0000059451  -0.0033165786  -0.0017688376   0.0001706872
        0.0003980945   0.0011112013  -0.0004624173  -0.0027613826  -0.0062397054
       -0.0456474574  -0.0015533952  -0.0019582355  -0.0052189552   0.0001201969
        0.0008606174  -0.0023226294   0.0021937241  -0.0017071496  -0.0018913291
        0.0002361868  -0.0011756685   0.0077177252   0.0000833413  -0.0002404223
       -0.0002207345  -0.0003610788  -0.0005823255   0.0077433126  -0.0000083678
        0.0011905883  -0.0010895147   0.0068534519  -0.0017747998  -0.0635858021
       -0.0224101376   0.0586308131   0.1679384716   0.0161340074  -0.0475752753
       -0.0628326344   0.0005677585   0.0000719848   0.0013196937  -0.0022710711
       -0.0003068543  -0.0007888449   0.0030213839   0.0002494478  -0.0009295298
        0.0001866710  -0.0006708283   0.0047119084   0.0000925270  -0.0000331448
       -0.0002666665  -0.0000706752   0.0001349984  -0.0018982064  -0.0001073875
       -0.0000429986   0.0003880714  -0.0003438476   0.0000577566  -0.0026644612
       -0.0024010115  -0.0054378707  -0.0004105066   0.0128077052  -0.0322349002
       -0.0026703803  -0.0102863220   0.0061432123   0.0008933739   0.0078738907
       -0.0000667817  -0.0002406058  -0.0109141042  -0.0035830314   0.0000574408
        0.0003208319   0.0022363632   0.0001410660   0.0000386615  -0.0010183167
       -0.0000921024   0.0000004389   0.0018636320   0.0001306074   0.0026894682
        0.0034300228   0.0002302342  -0.0248391153   0.0501723289   0.0051524197
       -0.1337592739   0.1718918134   0.0161340074   0.1548780728  -0.1900031410
       -0.0189338699   0.0007039290  -0.0010125632  -0.0001374428   0.0015058897
       -0.0007147965   0.0002310909   0.0014940885  -0.0007012528  -0.0004120737
        0.0004444881  -0.0015204801  -0.0001496437  -0.0007174618   0.0003609574
        0.0000552793  -0.0001212589   0.0000556288   0.0000099155  -0.0000345122
       -0.0000887708  -0.0000058885   0.0003155955   0.0002279463   0.0000170784
        0.0003338646  -0.0020093957  -0.0001136162  -0.0150680898  -0.0943621515
       -0.0086534460  -0.0070161485  -0.0051453636  -0.0007114818  -0.0028860056
       -0.0019736241   0.0000588877   0.0054303220   0.0055157017   0.0000190047
        0.0001337256  -0.0005636353   0.0000825713  -0.0010071717   0.0019112037
        0.0002019760   0.0020703652  -0.0017870904  -0.0001146836  -0.0073857451
       -0.0036096557  -0.0001553344   0.0327814071  -0.0396443166  -0.0053740249
        0.1820218325  -0.5769471264  -0.0475752753  -0.1900031410   0.7206157601
        0.0624274341  -0.0025598493  -0.0013657468   0.0000825917   0.0002728708
        0.0002105487   0.0000933822   0.0002627053   0.0003314097  -0.0000913012
        0.0005612758  -0.0034813713  -0.0002599799   0.0003685007  -0.0000369328
       -0.0000340375   0.0001479756   0.0002426487   0.0000041731   0.0001809505
        0.0002296712   0.0000117337   0.0013603554   0.0018694664   0.0001014263
        0.0000644864   0.0000332594  -0.0008569449  -0.0012281770  -0.0082466813
        0.0130454947  -0.0002310191  -0.0010298599   0.0054963148  -0.0004773718
       -0.0000087641  -0.0019392633   0.0008057301   0.0002631012   0.0036057292
       -0.0000354890   0.0000199165  -0.0016165194  -0.0000767522   0.0002110149
       -0.0001288696   0.0001438206  -0.0001092877  -0.0010283186  -0.0006790644
       -0.0004150059   0.0002626818   0.0037196967  -0.0058017479   0.0149307869
        0.0169852404  -0.0473378468  -0.0628326344  -0.0189338699   0.0624274341
        0.0320090673  -0.0002697515   0.0000391346  -0.0015405994  -0.0000404445
        0.0008034440   0.0002579580   0.0000258606  -0.0007525779   0.0001200810
        0.0000307399  -0.0002172472  -0.0004292001   0.0000531642  -0.0000290020
        0.0002393218   0.0000186786  -0.0000077260   0.0002991223   0.0000146880
        0.0000187196  -0.0000078387   0.0001098341   0.0001397225   0.0001136305
       -0.0409129228   0.0109970702   0.0008509849  -0.0091632431   0.0337213501
        0.0030788288  -0.0052899387  -0.0007698612   0.0000761921  -0.0026376758
        0.0023902055   0.0002627312   0.0010709183   0.0006302887   0.0000268845
       -0.0002482090  -0.0000853612  -0.0000014665   0.0001108579   0.0002769893
        0.0000203505   0.0002802605  -0.0002637162  -0.0000285343  -0.0001754068
       -0.0003166489  -0.0000216101   0.0020350685  -0.0002758744  -0.0000735590
       -0.0026809281   0.0056124580   0.0005677585   0.0007039290  -0.0025598493
       -0.0002697515   0.0543797106  -0.0240161943  -0.0022079365   0.0013490281
       -0.0129647301  -0.0020136706   0.0013884575  -0.0118293308  -0.0002251186
       -0.0002323046  -0.0004247055  -0.0000316610   0.0000606496  -0.0000476443
       -0.0000058909   0.0000183625  -0.0000151981  -0.0000016776   0.0000554289
       -0.0000046875  -0.0000015411  -0.0001120424  -0.0000545603  -0.0000013130
        0.0163318774  -0.2790996522  -0.0202487700   0.0098937931  -0.0127974465
       -0.0013637767   0.0026401580  -0.0016616650  -0.0002404007  -0.0004269841
       -0.0005532250  -0.0000483891   0.0003255459   0.0002173688   0.0000101220
       -0.0002052672  -0.0000093842   0.0000050294   0.0000577676   0.0001914057
        0.0000142163   0.0000778841  -0.0001870859  -0.0000168517  -0.0003875800
       -0.0000470026   0.0000058055   0.0006937344  -0.0006764628  -0.0000782366
       -0.0009407727   0.0018871107   0.0000719848  -0.0010125632  -0.0013657468
        0.0000391346  -0.0240161943   0.3229210438   0.0239472100  -0.0015346025
       -0.0121860610  -0.0034158446  -0.0014168783  -0.0172170998   0.0012622370
       -0.0000542537   0.0005398762   0.0000538601  -0.0000109884   0.0000014886
       -0.0000000597   0.0000140532   0.0000011537  -0.0000004889  -0.0000033176
        0.0000159957   0.0000015862  -0.0000254116   0.0000253886   0.0000016322
        0.0013073136  -0.0201275155  -0.0460107613   0.0010756317  -0.0019397004
        0.0004419823   0.0003293239  -0.0001143026   0.0004039914   0.0000392017
       -0.0001234149   0.0001449758   0.0000038479   0.0000100739  -0.0000054733
       -0.0000109405   0.0000004963  -0.0000061362   0.0000042361   0.0000051979
        0.0000003087   0.0000014009  -0.0000035641  -0.0000057058  -0.0000308638
        0.0000023077   0.0000073072   0.0000113423  -0.0000536197   0.0000372698
        0.0000111285  -0.0001020157   0.0013196937  -0.0001374428   0.0000825917
       -0.0015405994  -0.0022079365   0.0239472100   0.0486020759  -0.0002235159
       -0.0280863902  -0.0041734793  -0.0001694715   0.0264384974   0.0008386679
       -0.0000006253   0.0000600880  -0.0000788674  -0.0000018300   0.0000019985
        0.0000030544  -0.0000004826   0.0000008895   0.0000018604  -0.0000023379
        0.0000001027  -0.0000014922   0.0000020200   0.0000010695   0.0000213274
       -0.0820245790  -0.0317476406  -0.0850967964  -0.0318312271  -0.0077214374
       -0.0241319502  -0.0003182158  -0.0020171655  -0.0015900908  -0.0000338937
       -0.0004076200   0.0011099617   0.0003064541   0.0000736916  -0.0002141756
       -0.0001080147  -0.0000104463  -0.0001525934   0.0000622609   0.0000803109
       -0.0000037641   0.0000180831  -0.0000628126  -0.0001483142  -0.0002179772
        0.0002117044  -0.0000626552  -0.0006924482  -0.0007987676   0.0013460274
       -0.0037769015   0.0039074383  -0.0022710711   0.0015058897   0.0002728708
       -0.0000404445   0.0013490281  -0.0015346025  -0.0002235159   0.1097375088
        0.0367013146   0.1031943451   0.0059273534   0.0028860850   0.0084501017
        0.0001398008   0.0001289963  -0.0002684383  -0.0000167013   0.0000086041
       -0.0000175982  -0.0000073659   0.0000051040   0.0000364068  -0.0000358414
       -0.0000024093   0.0000426794   0.0000167870   0.0000267818   0.0000418859
       -0.0333968549  -0.0650954933  -0.0619869695   0.0040958735   0.0032984068
        0.0058253945   0.0013031232   0.0005224951   0.0005511503  -0.0002040367
        0.0001156255  -0.0003159351   0.0000468171  -0.0000024115   0.0002294925
       -0.0000322578  -0.0000430625   0.0000436550   0.0000255496   0.0000012814
       -0.0000118085   0.0000300972   0.0000033125   0.0000225893  -0.0000179156
       -0.0000302616  -0.0000271385   0.0001500120   0.0001509060  -0.0004205067
       -0.0001344369  -0.0012571756  -0.0003068543  -0.0007147965   0.0002105487
        0.0008034440  -0.0129647301  -0.0121860610  -0.0280863902   0.0367013146
        0.0700460349   0.0705609402   0.0048816161   0.0046432822   0.0131563238
        0.0002362781  -0.0003733753  -0.0000125308   0.0000058910   0.0000072215
        0.0000074451  -0.0000132785   0.0000017623  -0.0000049331  -0.0000041332
       -0.0000083783   0.0000000600   0.0000058678  -0.0000046580  -0.0000274280
       -0.0861127540  -0.0610923049  -0.2105828748  -0.0067482879   0.0016247935
        0.0041028088   0.0005128157  -0.0013370552   0.0004266344  -0.0003178894
        0.0001239030   0.0000776855   0.0003487611   0.0001663813   0.0000421400
       -0.0000839963  -0.0000383053  -0.0000099219   0.0000795834   0.0001102812
        0.0000004292   0.0000649427  -0.0000466446  -0.0000130244   0.0000026492
        0.0000328921  -0.0000115867   0.0001858194   0.0001351090   0.0000381899
        0.0002851328   0.0003427260  -0.0007888449   0.0002310909   0.0000933822
        0.0002579580  -0.0020136706  -0.0034158446  -0.0041734793   0.1031943451
        0.0705609402   0.2387963356  -0.0093875036  -0.0077577920  -0.0280851528
       -0.0001993241   0.0004842282  -0.0000750908  -0.0000203231   0.0000158775
       -0.0000023076  -0.0000124220   0.0000027796   0.0000025222  -0.0000085057
       -0.0000061999   0.0000057965  -0.0000004637   0.0000008528  -0.0000082169
       -0.0746446559  -0.0417284439   0.0730908536  -0.0303171746  -0.0118980708
        0.0240477881  -0.0002745085  -0.0021769753   0.0012693713  -0.0000660197
       -0.0002328848  -0.0011518275   0.0003004481   0.0000308811   0.0002091698
       -0.0000945507  -0.0000347410   0.0001519237   0.0000591147   0.0000749210
        0.0000133763   0.0000203795  -0.0000847497   0.0001347520  -0.0002141955
        0.0001947612   0.0001053462  -0.0007707414  -0.0005755374  -0.0014182414
       -0.0036763480   0.0034524268   0.0030213839   0.0014940885   0.0002627053
        0.0000258606   0.0013884575  -0.0014168783  -0.0001694715   0.0059273534
        0.0048816161  -0.0093875036   0.1007524491   0.0491323902  -0.0901208128
        0.0001622835   0.0000643231   0.0002723785  -0.0000152924   0.0000051923
        0.0000191462  -0.0000088186   0.0000103870  -0.0000337700  -0.0000370983
        0.0000045766  -0.0000402149   0.0000148293   0.0000341005  -0.0000395088
       -0.0434930474  -0.0899569907   0.0850296324   0.0024719575   0.0045465358
       -0.0057697891   0.0013553400   0.0003482710  -0.0006199128  -0.0002418163
        0.0000784155   0.0003238113   0.0001076357   0.0000527803  -0.0002323564
       -0.0000466844  -0.0000352214  -0.0000450524   0.0000289698   0.0000294548
        0.0000142948   0.0000306365  -0.0000188096  -0.0000236877  -0.0000048260
       -0.0000274234   0.0000252243   0.0001976295   0.0001110901   0.0004166790
       -0.0000859114  -0.0011950029   0.0002494478  -0.0007012528   0.0003314097
       -0.0007525779  -0.0118293308  -0.0172170998   0.0264384974   0.0028860850
        0.0046432822  -0.0077577920   0.0491323902   0.0986025539  -0.0972900204
        0.0002031145  -0.0002859960  -0.0000301684  -0.0000004085   0.0000058090
       -0.0000054083  -0.0000117920  -0.0000011920   0.0000054892  -0.0000024117
       -0.0000042811  -0.0000026144   0.0000037223  -0.0000075854   0.0000263037
        0.0738364285   0.0840632020  -0.1931566079   0.0088720464  -0.0009682589
        0.0013896130  -0.0002696508   0.0014480451   0.0005136503   0.0002922346
       -0.0001196193   0.0001474294  -0.0003469159  -0.0001610138  -0.0000169591
        0.0000826678   0.0000340364  -0.0000224804  -0.0000769218  -0.0001070010
       -0.0000127155  -0.0000626936   0.0000500728  -0.0000118321   0.0000051704
       -0.0000470452  -0.0000171686  -0.0001176690  -0.0000953240   0.0001625415
       -0.0001730021  -0.0005911541  -0.0009295298  -0.0004120737  -0.0000913012
        0.0001200810  -0.0002251186   0.0012622370   0.0008386679   0.0084501017
        0.0131563238  -0.0280851528  -0.0901208128  -0.0972900204   0.2192618522
        0.0002248030  -0.0005270470  -0.0001841433   0.0000216196  -0.0000140876
       -0.0000079085   0.0000105537  -0.0000035807   0.0000031748   0.0000101308
        0.0000042964   0.0000081741  -0.0000008982  -0.0000027602  -0.0000006863
        0.0005944435   0.0020959818   0.0001314210   0.0025134196  -0.0010480531
       -0.0000366173  -0.1669307232  -0.1217464804  -0.0069422270  -0.0352567967
       -0.0176876734  -0.0007163336  -0.0058658319   0.0016945312   0.0005665498
       -0.0013021226  -0.0015055890  -0.0000849573  -0.0003872156   0.0001652243
       -0.0000034283   0.0001354132   0.0001174579   0.0000074031   0.0000735563
        0.0001266680  -0.0000309616   0.0005017758   0.0006868823   0.0000461556
       -0.0001297894   0.0008896727   0.0001866710   0.0004444881   0.0005612758
        0.0000307399  -0.0002323046  -0.0000542537  -0.0000006253   0.0001398008
        0.0002362781  -0.0001993241   0.0001622835   0.0002031145   0.0002248030
        0.2056382568   0.1355271984   0.0068219812   0.0001008069  -0.0001268831
       -0.0000052733  -0.0001555456  -0.0000895191  -0.0000038328  -0.0000372067
       -0.0000342037   0.0000074783  -0.0000067084  -0.0000116295   0.0000003777
       -0.0010703181   0.0005566985   0.0001682484  -0.0210033408  -0.0337931095
       -0.0026872605  -0.1228049886  -0.1529859455  -0.0067026504   0.0036479367
        0.0068880364   0.0008355028   0.0015235444   0.0006639088  -0.0009593867
        0.0005123927   0.0002366913  -0.0000221348   0.0000538834  -0.0001199498
        0.0000789941  -0.0001133446   0.0001842560   0.0000168614   0.0002696968
        0.0001317138   0.0001413051   0.0001824302   0.0004480140   0.0000318454
        0.0050085478  -0.0018434693  -0.0006708283  -0.0015204801  -0.0034813713
       -0.0002172472  -0.0004247055   0.0005398762   0.0000600880   0.0001289963
       -0.0003733753   0.0004842282   0.0000643231  -0.0002859960  -0.0005270470
        0.1355271984   0.1830796988   0.0100127002  -0.0000541065   0.0000580700
       -0.0000152470   0.0000143907   0.0000191663   0.0000017418  -0.0000132277
       -0.0000006929  -0.0000320640   0.0000711714   0.0000777795   0.0000023506
       -0.0001315097   0.0000830199  -0.0010624442  -0.0016893883  -0.0031630154
        0.0044399502  -0.0070243952  -0.0067361889  -0.0367926757   0.0010604708
        0.0013573562  -0.0041658827   0.0005479859  -0.0009699689   0.0116928187
        0.0000798219   0.0000307403   0.0003391659  -0.0000152264   0.0000670167
       -0.0010743375  -0.0000105648   0.0000145776   0.0000244237  -0.0000180581
        0.0001517124  -0.0016454874  -0.0000007076   0.0000128480   0.0000211126
        0.0005361675  -0.0005761600   0.0047119084  -0.0001496437  -0.0002599799
       -0.0004292001  -0.0000316610   0.0000538601  -0.0000788674  -0.0002684383
       -0.0000125308  -0.0000750908   0.0002723785  -0.0000301684  -0.0001841433
        0.0068219812   0.0100127002   0.0236063955  -0.0000001901  -0.0000126713
        0.0002478274   0.0000049193   0.0000050761   0.0000011718   0.0000089486
       -0.0000327932   0.0004005822   0.0000071096   0.0000045693   0.0000227726
       -0.0000099458  -0.0000960135  -0.0000100350   0.0002539113  -0.0006539610
       -0.0000651672  -0.0002834747   0.0009475440   0.0000866926   0.0025411524
       -0.0006837393  -0.0001902878  -0.0064984648   0.0291692372   0.0026344232
       -0.0527131386   0.0485147161   0.0045144246   0.0037420339  -0.0207689694
       -0.0018087919  -0.0026995678  -0.0031673668   0.0000135107  -0.0004802110
       -0.0003939720  -0.0000264073  -0.0054253205   0.0014016356   0.0004199859
        0.0004627189   0.0012935966   0.0000925270  -0.0007174618   0.0003685007
        0.0000531642   0.0000606496  -0.0000109884  -0.0000018300  -0.0000167013
        0.0000058910  -0.0000203231  -0.0000152924  -0.0000004085   0.0000216196
        0.0001008069  -0.0000541065  -0.0000001901   0.0606859913  -0.0538995144
       -0.0054036240   0.0008970571  -0.0008576465  -0.0001652710   0.0001217055
       -0.0010894974  -0.0000945597  -0.0000064482  -0.0000249374  -0.0000498606
       -0.0000124182   0.0000609443   0.0000068618  -0.0001324891   0.0005903403
        0.0000700890   0.0000413119  -0.0006170715  -0.0000550449  -0.0010083122
        0.0011807965   0.0003601694   0.0050594179  -0.0128845988  -0.0013496424
        0.0488799666  -0.2951214722  -0.0230010451   0.0023602191  -0.0223437594
       -0.0019658393  -0.0037884484  -0.0015831260  -0.0007551360  -0.0001067015
        0.0007664084   0.0000842452   0.0020422582   0.0002051623  -0.0006098343
       -0.0005494998  -0.0007576683  -0.0000331448   0.0003609574  -0.0000369328
       -0.0000290020  -0.0000476443   0.0000014886   0.0000019985   0.0000086041
        0.0000072215   0.0000158775   0.0000051923   0.0000058090  -0.0000140876
       -0.0001268831   0.0000580700  -0.0000126713  -0.0538995144   0.3304903570
        0.0269033700   0.0006559956   0.0008628812   0.0003027565   0.0002613454
       -0.0009881865  -0.0000895395  -0.0000033576   0.0001033365   0.0001696194
        0.0000003430   0.0000105903  -0.0000463068  -0.0000183285   0.0000584087
       -0.0001774845  -0.0000110946  -0.0000506022   0.0000125302  -0.0002111567
        0.0003416974  -0.0027849081   0.0006268485  -0.0019322161   0.0016326861
        0.0045487136  -0.0230043202  -0.0355927817   0.0001225066  -0.0013923667
        0.0004218856  -0.0000401041  -0.0007649234   0.0085332081  -0.0000080307
        0.0000828150  -0.0002055394   0.0004805010  -0.0005855381   0.0068476087
       -0.0000629038  -0.0000727491  -0.0002666665   0.0000552793  -0.0000340375
        0.0002393218  -0.0000058909  -0.0000000597   0.0000030544  -0.0000175982
        0.0000074451  -0.0000023076   0.0000191462  -0.0000054083  -0.0000079085
       -0.0000052733  -0.0000152470   0.0002478274  -0.0054036240   0.0269033700
        0.0259927616  -0.0000423462   0.0003400465  -0.0029395842   0.0000192873
       -0.0000566664  -0.0000104440  -0.0000462745   0.0001697617  -0.0018969526
        0.0000246391  -0.0000035563   0.0000064343   0.0000485261   0.0001684325
        0.0000136005  -0.0001091856  -0.0002220308  -0.0000286164  -0.0013160097
        0.0003877224   0.0000634487  -0.0021849398  -0.0035999104  -0.0000149745
       -0.0256041815   0.0051213049   0.0010884030  -0.2766948202   0.0744574813
        0.0121619093  -0.0083477554   0.0043375450   0.0006049631   0.0006254297
        0.0017811932   0.0003080156   0.0007629150  -0.0005071010  -0.0000701728
        0.0002656557  -0.0002639446  -0.0000706752  -0.0001212589   0.0001479756
        0.0000186786   0.0000183625   0.0000140532  -0.0000004826  -0.0000073659
       -0.0000132785  -0.0000124220  -0.0000088186  -0.0000117920   0.0000105537
       -0.0001555456   0.0000143907   0.0000049193   0.0008970571   0.0006559956
       -0.0000423462   0.3113429408  -0.0817651638  -0.0139077039   0.0009553246
       -0.0007429068  -0.0001387286  -0.0003909692   0.0000435894   0.0000051961
       -0.0000124433   0.0000296464  -0.0000145738   0.0001059402   0.0000231187
       -0.0000083225  -0.0002838413  -0.0001139264   0.0000445867  -0.0009313824
        0.0003209693   0.0000434569  -0.0029745645  -0.0020624976  -0.0008701509
       -0.0186153558   0.0053321770   0.0007996473   0.0745219634  -0.0676394492
       -0.0045154705   0.0278645940  -0.0106569968  -0.0017048239   0.0015281253
       -0.0057678652  -0.0011068171  -0.0007041865  -0.0004101032   0.0000171157
       -0.0000690601  -0.0003302825   0.0001349984   0.0000556288   0.0002426487
       -0.0000077260  -0.0000151981   0.0000011537   0.0000008895   0.0000051040
        0.0000017623   0.0000027796   0.0000103870  -0.0000011920  -0.0000035807
       -0.0000895191   0.0000191663   0.0000050761  -0.0008576465   0.0008628812
        0.0003400465  -0.0817651638   0.0799918078   0.0066759387   0.0008662559
        0.0006571272   0.0002189416   0.0013603627  -0.0005001457  -0.0000520115
        0.0000016521  -0.0000150849   0.0002063657   0.0000101681  -0.0000006994
        0.0000645231  -0.0000341062   0.0000374586  -0.0005406361  -0.0000396842
        0.0000173210   0.0000352882   0.0000304866  -0.0008531558   0.0092106607
       -0.0008945382   0.0002149899   0.0012819589   0.0121744297  -0.0045237613
       -0.0362272114   0.0025652997  -0.0011142364   0.0013983978   0.0002808280
       -0.0011133282   0.0069618513  -0.0000883375   0.0000071353  -0.0003877324
       -0.0000505301   0.0001200574  -0.0018982064   0.0000099155   0.0000041731
        0.0002991223  -0.0000016776  -0.0000004889   0.0000018604   0.0000364068
       -0.0000049331   0.0000025222  -0.0000337700   0.0000054892   0.0000031748
       -0.0000038328   0.0000017418   0.0000011718  -0.0001652710   0.0003027565
       -0.0029395842  -0.0139077039   0.0066759387   0.0250266955  -0.0000070828
        0.0002571827  -0.0022089693   0.0001173481  -0.0000185563  -0.0002912530
       -0.0000872317  -0.0001327150  -0.0000044142  -0.0006178704   0.0000056807
       -0.0000077304   0.0000884186   0.0002980795   0.0000213484   0.0001735749
        0.0000305049  -0.0000445183   0.0000669994   0.0008701863   0.0000737124
        0.0009043107   0.0011506090   0.0002424565   0.0030669403   0.0017370672
        0.0000918776  -0.1887001961  -0.1283110626  -0.0069023591  -0.0254098536
       -0.0185490276  -0.0009092713  -0.0053913184   0.0022727879   0.0005334962
       -0.0001941169  -0.0014945491  -0.0001073875  -0.0000345122   0.0001809505
        0.0000146880   0.0000554289  -0.0000033176  -0.0000023379  -0.0000358414
       -0.0000041332  -0.0000085057  -0.0000370983  -0.0000024117   0.0000101308
       -0.0000372067  -0.0000132277   0.0000089486   0.0001217055   0.0002613454
        0.0000192873   0.0009553246   0.0008662559  -0.0000070828   0.2142917438
        0.1415446452   0.0071243887   0.0008207990  -0.0007076680  -0.0001467272
        0.0000622266   0.0000233838  -0.0000140702   0.0000782673   0.0001689391
        0.0000919193   0.0002439788  -0.0001120568  -0.0000118065  -0.0000432790
        0.0001528967   0.0001653604   0.0007628573   0.0000153785  -0.0000325095
        0.0015524486  -0.0056702899  -0.0010900266  -0.0217759011  -0.0224106479
       -0.0014062060  -0.1284612675  -0.1569745993  -0.0070782213   0.0050453711
        0.0052438050   0.0002682928   0.0017677880   0.0004999359  -0.0007244344
        0.0003749209  -0.0000603515  -0.0000429986  -0.0000887708   0.0002296712
        0.0000187196  -0.0000046875   0.0000159957   0.0000001027  -0.0000024093
       -0.0000083783  -0.0000061999   0.0000045766  -0.0000042811   0.0000042964
       -0.0000342037  -0.0000006929  -0.0000327932  -0.0010894974  -0.0009881865
       -0.0000566664  -0.0007429068   0.0006571272   0.0002571827   0.1415446452
        0.1783553433   0.0094057240   0.0008058427   0.0008670080   0.0002843348
        0.0000109931  -0.0000109065   0.0002022898  -0.0000056199   0.0001080202
       -0.0009760458   0.0000268549  -0.0000306676  -0.0000291885  -0.0000551156
        0.0001696960  -0.0018209691   0.0000703767  -0.0000486843   0.0001996225
        0.0002779243  -0.0010738308   0.0068391076  -0.0018737964  -0.0019814898
        0.0007708312  -0.0069166617  -0.0070911777  -0.0346412190   0.0010622423
        0.0008548791   0.0005770839   0.0004895238  -0.0007365578   0.0086036939
        0.0000418461   0.0000059451   0.0003880714  -0.0000058885   0.0000117337
       -0.0000078387  -0.0000015411   0.0000015862  -0.0000014922   0.0000426794
        0.0000000600   0.0000057965  -0.0000402149  -0.0000026144   0.0000081741
        0.0000074783  -0.0000320640   0.0004005822  -0.0000945597  -0.0000895395
       -0.0000104440  -0.0001387286   0.0002189416  -0.0022089693   0.0071243887
        0.0094057240   0.0244603037  -0.0000221814   0.0003209465  -0.0027593903
        0.0000834526   0.0001030189   0.0000109168   0.0008435412   0.0012951667
        0.0000818762   0.0005173520  -0.0002261288  -0.0000331171  -0.0004786978
       -0.0017603530  -0.0001311406  -0.0031264954  -0.0021351927   0.0000720557
       -0.0003476606  -0.0002993392  -0.0000156563  -0.0050581724   0.0016612798
        0.0004701949  -0.0073350629   0.0271832448   0.0024763705  -0.0564155564
        0.0573391309   0.0053058365   0.0046307345  -0.0208823123  -0.0018176798
        0.0000214486  -0.0033165786  -0.0003438476   0.0003155955   0.0013603554
        0.0001098341  -0.0001120424  -0.0000254116   0.0000020200   0.0000167870
        0.0000058678  -0.0000004637   0.0000148293   0.0000037223  -0.0000008982
       -0.0000067084   0.0000711714   0.0000071096  -0.0000064482  -0.0000033576
       -0.0000462745  -0.0003909692   0.0013603627   0.0001173481   0.0008207990
        0.0008058427  -0.0000221814   0.0660132740  -0.0625404895  -0.0062423033
        0.0001303257   0.0001310042  -0.0000110595   0.0005158500   0.0004023678
        0.0000453195   0.0005058033  -0.0001422892  -0.0000201171  -0.0003104948
       -0.0018135373  -0.0001554293  -0.0033372240  -0.0007547852  -0.0005757390
        0.0000535334   0.0007271062   0.0000581082   0.0020882576   0.0002467660
       -0.0007366468   0.0039421541  -0.0104018515  -0.0010718285   0.0578722978
       -0.2883003025  -0.0225416042   0.0006483284  -0.0245707872  -0.0021871612
        0.0008980351  -0.0017688376   0.0000577566   0.0002279463   0.0018694664
        0.0001397225  -0.0000545603   0.0000253886   0.0000010695   0.0000267818
       -0.0000046580   0.0000008528   0.0000341005  -0.0000075854  -0.0000027602
       -0.0000116295   0.0000777795   0.0000045693  -0.0000249374   0.0001033365
        0.0001697617   0.0000435894  -0.0005001457  -0.0000185563  -0.0007076680
        0.0008670080   0.0003209465  -0.0625404895   0.3238145564   0.0265227955
        0.0000161568  -0.0000109722   0.0002203791   0.0000166135   0.0000156553
       -0.0002687419   0.0000219662   0.0000089102  -0.0000724286  -0.0000119202
       -0.0001272038   0.0001467301  -0.0000272212  -0.0005960201   0.0070585636
        0.0000134757   0.0000610247   0.0000098949   0.0005095025  -0.0007161591
        0.0083876175   0.0005411020  -0.0016430029   0.0011453304   0.0053464269
       -0.0225410780  -0.0370478661  -0.0000182425  -0.0016508644   0.0013298217
        0.0000073151   0.0001706872  -0.0026644612   0.0000170784   0.0001014263
        0.0001136305  -0.0000013130   0.0000016322   0.0000213274   0.0000418859
       -0.0000274280  -0.0000082169  -0.0000395088   0.0000263037  -0.0000006863
        0.0000003777   0.0000023506   0.0000227726  -0.0000498606   0.0001696194
       -0.0018969526   0.0000051961  -0.0000520115  -0.0002912530  -0.0001467272
        0.0002843348  -0.0027593903  -0.0062423033   0.0265227955   0.0265539291
