           1           2  0.98962493663605489     
           2           3   1.2147002184110067     
           2           4  0.10383957733797011     
           3           4   1.6482290630086540     
           4           5   1.1642538148977386     
           5           6   1.3292848306379199     
           6           7   1.4968705833825706     
           7           8   1.3812198429812463     
           6           9  0.11042603793498684     
           8           9   1.4889235632981861     
           5          10   1.2988217310347685     
           9          10   1.3546331176359048     
           2          11   1.0892558443954734     
          10          11   1.0713370490395770     
           2          12  0.14086148655528014     
          11          12   1.6764070384041290     
           1          13  0.97079137600631282     
           1          14  0.97597168112089805     
           1          15  0.97600281070129258     
           3          16  0.95225346970761748     
           6          17  0.96711917320913021     
           7          18  0.97019703711024585     
           8          19  0.97015007051317637     
           9          20  0.96552228810868923     
