           1           2  0.94522581545691109     
           2           3   1.1861372913610735     
           3           4   1.6382128666329958     
           4           5   1.1441486287094900     
           5           6   1.3356844231704275     
           6           7   1.4995004609754987     
           7           8   1.3819034884040655     
           6           9  0.11090793403493436     
           8           9   1.4914282288398748     
           5          10   1.3084773277939137     
           9          10   1.3584947540320114     
           2          11   1.0736879278027385     
          10          11   1.0738495277916662     
           2          12  0.11926094224121495     
          11          12   1.6266466809342917     
           1          13  0.97461624937465752     
           1          14  0.98398809642005924     
           1          15  0.98401468093375599     
           3          16  0.96750854841619482     
           6          17  0.97163333544439912     
           7          18  0.97392336611260477     
           8          19  0.97359623880740365     
           9          20  0.96873388453090337     
