           1           2  0.99194054815422761     
           2           3   1.2186207177698802     
           2           4  0.10547684843192359     
           3           4   1.6420676077630465     
           4           5   1.1660812468426351     
           5           6   1.3282212556851443     
           6           7   1.4979111427351470     
           7           8   1.3802734195254196     
           6           9  0.11058766626097309     
           8           9   1.4898294686156588     
           5          10   1.2978750404808541     
           9          10   1.3536670585884689     
           2          11   1.0840180940216746     
          10          11   1.0726919295161568     
           2          12  0.13945376144624860     
          11          12   1.6807159278326382     
           1          13  0.97180005610894704     
           1          14  0.97179997157547271     
           1          15  0.98117214487729110     
           3          16  0.95007739357117116     
           6          17  0.96716287288879554     
           7          18  0.97022398796246667     
           8          19  0.97018368208416228     
           9          20  0.96565752394786208     
