   -0.38709231
   -0.26494390
    0.03888808
   -0.05121470
    0.01268386
   -0.01114893
   -0.10639059
   -0.09398334
    0.00102960
   -0.09921684
   -0.10720777
    0.02668910
   -0.04040866
    0.01145830
    0.00167445
   -0.10423474
   -0.09828241
   -0.00365038
   -0.10240639
   -0.09228025
    0.01432416
    0.01751080
    0.06244161
    0.06150172
    0.05695942
    0.04757950
    0.04419081
    0.04488388
    0.04143034
    0.03379158
    0.05052216
    0.05265422
    0.04467058
    0.03729471
    0.05485428
    0.06955824
    0.04482955
    0.04487348
   -0.07883414
   -0.01866429
    0.02578101
    0.06770063
    0.04891199
    0.04087102
    0.04443932
    0.06782263
    0.04291953
    0.03707156
    0.05856390
    0.04601271
    0.04932552
    0.04283363
    0.04273577
    0.04052558
    0.05074795
    0.03621528
    0.21017470
   -0.30468213
   -0.09181374
   -0.37811949
    0.21874067
   -0.00457537
   -0.02286965
   -0.02639302
   -0.01768189
   -0.02054442
   -0.00358465
    0.11647105
    0.07524064
    0.01301341
    0.04245110
    0.04500546
    0.04792285
    0.04742838
    0.05500329
