$grad
  cycle =      1    SCF energy =   -93.73913766664   |dE/dxyz| =  0.000149
    0.13609397927427      0.43247484848383     -1.06790738129962      Ru
   -0.43804912463836     -5.29491600542994     -0.03094816457622      N 
    2.03893774587919     -5.98333394668815      0.92469443508872      C 
    4.20707754382801     -4.63417239009622     -0.44484589310583      C 
    4.21996687937922     -1.13120626746878     -0.40818969303954      P 
    6.90010937552196     -0.49789323894395     -2.67143653342998      C 
    8.99221508655069     -2.49022459465158     -2.70263150629227      C 
    5.92516363886915     -0.06317735553172     -5.34679478280408      C 
    5.94407922166941     -0.29411042892047      2.57194247603765      C 
    4.78049492519872     -1.49462723796284      4.91877564331014      C 
    5.99597677694792      2.57598394907954      2.86455903766350      C 
   -1.34127774991802     -2.85539071373869      0.93481699077179      C 
   -4.18544274730419     -2.57597303692833      0.32070733452859      C 
   -4.26869779938950      0.79083173870565     -0.46161506092384      P 
   -5.59401231800873      2.54843496014392      2.30395614333390      C 
   -4.84663882026399      5.31757670942247      1.97454550848455      C 
   -4.66971022729945      1.54103966738467      4.83716746126836      C 
   -6.97726209470569      1.15474893304000     -2.71935971037464      C 
   -9.19569183205729     -0.55610816835462     -2.02219014437732      C 
   -6.12756396348590      0.63948640146193     -5.42246891625999      C 
    2.17434434087706     -5.64462412814651      2.97795927543814      H 
    2.29530750748527     -8.01759682260193      0.61472128871306      H 
    5.99182853599979     -5.32830683986020      0.32963309598880      H 
    4.10127333663817     -5.13895315925421     -2.45045561039825      H 
    7.71220490972721      1.28886927679523     -2.00397397417873      H 
   10.59689510902139     -1.75478044082831     -3.76194233598450      H 
    8.35972170255915     -4.21067071287869     -3.63181064687856      H 
    9.65244873348107     -2.95700459142724     -0.81328029727533      H 
    7.49704708343406      0.25900628104336     -6.63691909395380      H 
    4.86468774244436     -1.69442348935146     -6.02264959323949      H 
    4.70429253005274      1.59284971908634     -5.40035281597977      H 
    7.88743536692645     -0.98859859088034      2.35446829475335      H 
    5.64249329072543     -0.70034980708447      6.61126554620364      H 
    5.07843248662380     -3.52811861860173      4.94983576394432      H 
    2.76095131809004     -1.10216558812507      4.98238098507443      H 
    4.07624282978588      3.28654632191094      3.07483261195616      H 
    7.08812823405503      3.10194069110613      4.52749516966231      H 
    6.82900229742750      3.49637931892342      1.22528219934903      H 
    0.27614332224456      1.34962747974476      1.67235049617046      H 
   -1.15610116021880     -2.88139212797008      3.03111055202285      H 
   -5.48293140100875     -3.23003708059709      1.79887170198429      H 
   -4.59412217495315     -3.60966861337542     -1.42457873705537      H 
   -7.65990722053439      2.37822309113925      2.21990918886613      H 
   -5.53845363414387      6.06324429718461      0.18391634192533      H 
   -5.61123194133001      6.46701829319196      3.50013763477269      H 
   -2.79242819832385      5.47582142770019      1.97845580240525      H 
   -5.39345861505531      2.71877514390509      6.36227008917982      H 
   -5.30366867606575     -0.38843283136198      5.15925284542793      H 
   -2.61309669646467      1.58285719787070      4.90656929012597      H 
   -7.56667343252417      3.13912255436488     -2.57156471178426      H 
   -8.75901097792711     -2.51465630714249     -2.46932982126518      H 
   -9.66846038794822     -0.43101902983862     -0.02420839133832      H 
  -10.85687144512164     -0.01253994343990     -3.10944017412288      H 
   -4.66494718634594      1.96994459822305     -5.99448960691409      H 
   -5.39556316317362     -1.27905111247993     -5.59370494387858      H 
   -7.71551032829513      0.83132950462587     -6.71949960381754      H 
    0.08972451628540      0.67173568333881     -4.54103911041994      C 
   -0.02220913811625      0.84675570409199     -6.74158870324580      O 
    0.95643937878318      3.27313269775162     -1.37546809115268      H 
   -4.28954879996984     -5.93598005873240     -5.10835187232941      O 
   -2.33435360645635     -7.12227161610798     -5.00169525706212      C 
   -0.05768322561732     -6.61134927768046     -6.47900302060569      C 
    2.13348907566537     -8.02205380802351     -6.06723191215158      C 
    4.28394290010838     -7.53772886755689     -7.46706769306448      C 
    4.26262510742487     -5.65886268340737     -9.29787145007715      C 
    2.08789202890946     -4.25920323285246     -9.73114861829991      C 
   -0.06259391770321     -4.72844270280084     -8.32859389938389      C 
   -1.68626073524119     -6.66059636106704      0.52064432371516      H 
   -0.29961911762792     -1.57813629270315     -3.19966042528404      H 
   -2.17256737751688     -8.78098075408443     -3.73737700484574      H 
    2.13313363939498     -9.48288447459338     -4.63944639040878      H 
    5.98265530975589     -8.62288205471271     -7.14080191200039      H 
    5.94711138020278     -5.28264853896729    -10.38804248928898      H 
    2.07722503313204     -2.79069838451394    -11.14761173694519      H 
   -1.77003733560164     -3.65350410103721     -8.63942175388891      H 
  -1.7236409232010E-05   1.8883235888391E-05   1.5029598915695E-05
  -2.0427504448148E-06   1.0866842164647E-05   1.1746608774145E-05
  -4.9827622904019E-07  -5.8569512521126E-06  -7.9385958611300E-06
  -2.2444098408498E-06  -1.1571464758755E-05   1.3056633233679E-05
  -4.0016070559883E-05   2.0628404444061E-05  -1.1646655904109E-05
  -4.9285808270357E-06  -6.6065455830989E-06   7.2456161599736E-06
  -1.9914783083471E-06  -7.2830954946342E-06  -7.0716511060219E-06
   5.3160911016094E-06  -6.4526699174597E-06   4.4471959797505E-06
   8.4737323928050E-06  -1.8010298691554E-06   5.4714926366802E-07
   5.9146200204838E-06   5.5104122108814E-06  -2.1971947406988E-06
   1.1382534176504E-06  -1.8047147268851E-05  -7.1037427460672E-07
   3.6590818469286E-06  -1.6925224201363E-07  -1.0921285895242E-05
  -2.0749390665307E-06  -3.2890245424729E-06   5.5237614283817E-07
   4.0300746510170E-06  -1.6907539226597E-06   8.2064908173185E-06
   3.5467628318203E-06  -4.9371352560279E-06  -6.8370351343525E-06
   1.9722968853694E-06   1.1562058675915E-06   4.3355853513019E-06
  -7.8567805068429E-07   7.7494769905966E-06  -2.4682497767076E-06
  -3.8453123036035E-06  -5.2702453200380E-06  -3.3515939154485E-06
   1.8617396836597E-06  -2.5831590904476E-06   1.2980298890551E-05
   5.5600248287723E-06   2.2828502272473E-06   1.3594700711050E-06
  -3.1786347490776E-06   7.3682580151761E-06   4.6407548612530E-06
   1.3405665963688E-06  -3.4674687635592E-06   5.8597660753646E-06
   7.0997732707936E-06  -5.7152197495301E-06   1.4069502308345E-05
   2.9233322011833E-06  -6.0451792945434E-06   2.0957559727278E-06
   4.0888476603735E-06  -7.4079111820336E-06  -4.2156789237087E-06
   1.1649341231355E-06  -1.0534479140306E-05   7.4987220605550E-07
  -4.0928958320895E-06   1.9326709933794E-06  -1.5291434799619E-06
  -1.1869557817225E-05  -8.5326664935704E-06  -6.8092288321011E-06
   1.2946670302276E-06   3.3739395859325E-06   4.2049237330607E-08
   1.3619185955606E-06  -1.5613322827165E-06  -1.7682864102088E-06
  -2.3131566987156E-06  -3.1861050334870E-06   4.0363763418185E-06
   5.0960282762355E-06   2.1699523032749E-07  -1.5498783880480E-06
  -1.6667486739738E-06   7.6927777275189E-06   5.4799886356311E-06
   3.3804679853941E-06   1.2798998784393E-06   4.0259789800531E-07
  -3.1488521107462E-06   1.8279225917717E-06  -2.6692846133366E-06
  -1.3869707048197E-05   1.2204693370062E-05  -9.4499591398313E-06
   2.8995334282827E-07   7.8516862283102E-06   1.0162119965545E-05
   1.1451804680807E-05   4.7247437806930E-06  -9.2000212781384E-06
   1.8673418951625E-06  -5.3544894701014E-06  -2.6095807614870E-06
  -3.4399972664491E-06  -9.8604765288367E-06  -2.4206319639800E-06
  -2.8659311689113E-06   2.3481508263579E-06   4.8948328511327E-06
  -3.7531751627380E-06  -4.1228253820876E-06   7.6775033873047E-06
  -1.0864195731674E-07   7.5482633293671E-06   5.1866999842640E-06
   3.7575516532854E-06  -2.3187762829678E-07  -5.8328779393401E-06
   1.0554395942881E-05   2.8416628573939E-06  -5.1599067101840E-06
   5.7639688424989E-06  -6.4043138056124E-06  -5.4412845931118E-06
  -6.9200733673489E-06  -7.2683120769712E-07   1.5702443181760E-06
   1.0137710431784E-05  -9.7399522648282E-06   8.7624533814522E-07
   8.9983858651706E-06   1.2434655306600E-05   5.1372710613383E-06
  -1.0372989485268E-06  -1.6107777816076E-06  -6.7079541912342E-07
  -2.7308677246526E-06   8.7893212169063E-07   7.4245459104229E-06
  -1.2563196451594E-05   6.4360446153022E-06  -3.5316949572454E-06
   1.9974405160419E-06  -5.2198476364646E-06  -6.4934213805904E-06
   1.0849862301700E-05  -8.6943438996573E-06   1.1486104751409E-06
  -1.5680143952898E-05  -1.7738763943372E-06   3.9930211985264E-06
   3.1465686830506E-06   7.3665625293036E-06  -8.8264247519917E-07
   2.7197820012650E-05  -1.7474533374651E-05   2.5306768377102E-05
  -1.7653320430000E-05   9.2884330196347E-06  -8.4244369325784E-06
   1.6883962039874E-06  -3.2854903074434E-06   3.9850722911117E-06
  -4.4651079410464E-05   2.1149085757754E-05   3.9362133290485E-06
   4.5405447523494E-05  -2.9449871220189E-05  -1.0374655890313E-06
  -8.2996740215619E-06  -3.7115021922646E-07   7.5603576696889E-06
   2.2643107876480E-05   1.0633034020459E-05   1.3870971547678E-06
  -6.3259423232220E-06  -2.3157250993550E-06   1.6076939731156E-05
   8.9478761623881E-06   1.6448523557298E-06  -2.9618496657920E-05
  -1.7739325775370E-05   5.3179005397987E-06  -3.7933090819012E-06
   6.7285059843261E-06   1.3949980605958E-05  -9.7684423265839E-06
  -7.7408932676376E-06  -5.8419689986057E-06  -1.7508646799644E-05
   3.4085767491497E-06   1.2091688048369E-05  -1.7787184609009E-05
   5.9048144112852E-06  -4.8833827101004E-06  -2.8640383091341E-06
   1.1712821424213E-05  -1.4827796259669E-05   1.1089875975701E-05
   1.9418993038568E-05  -3.5641201079428E-06   3.6376084259817E-06
  -4.5613167029561E-06   7.1974526579035E-06  -4.3787281053061E-06
  -1.2149189478998E-05   1.5340448014120E-05  -1.4945835838037E-05
  -7.0710317376060E-06   5.7443249530807E-06  -4.4311764583894E-06
$end
