           2           3   1.0161546096422200     
           3           4  0.98695236234242767     
           1           5  0.97273087906386679     
           4           5  0.99785127804692331     
           5           6  0.95608067165794841     
           6           7  0.99727408452051203     
           6           8   1.0017844646660752     
           5           9  0.96409384834295697     
           9          10  0.99993283251517318     
           9          11  0.99754952831358090     
           1          12  0.78238369209010261     
           2          12  0.97630803140116962     
          12          13  0.95739036205791117     
           1          14  0.86700805046110507     
          13          14   1.0230165807051228     
          14          15  0.95914633166502827     
          15          16  0.99566447436090255     
          15          17   1.0015253806268603     
          14          18  0.95004411942513789     
          18          19  0.99613938456017914     
          18          20   1.0019873893078235     
           3          21  0.95610011157809693     
           3          22  0.97352015719568374     
           4          23  0.93991220548378929     
           4          24  0.93231707739170133     
           6          25  0.93266801743598260     
           7          26  0.98055628748427548     
           7          27  0.98284090145598946     
           7          28  0.97555526852167262     
           8          29  0.98163032578684728     
           8          30  0.97294847909969406     
           8          31  0.96544304958310601     
           9          32  0.93077921383995854     
          10          33  0.98082872842965485     
          10          34  0.97883128584288004     
          10          35  0.96819853625668961     
          11          36  0.96280876881425370     
          11          37  0.98129399290282593     
          11          38  0.97081995544522881     
           1          39  0.81893611323265936     
          12          40  0.93275440901555340     
          13          41  0.94284072907308025     
          13          42  0.92002496778756715     
          15          43  0.93219363240643593     
          16          44  0.97371779956143667     
          16          45  0.98214305416319814     
          16          46  0.96650413024834769     
          17          47  0.98093514689492445     
          17          48  0.97933169759496264     
          17          49  0.96568750937357739     
          18          50  0.93789654613708373     
          19          51  0.98137173942073108     
          19          52  0.97443954012318423     
          19          53  0.98119128556697754     
          20          54  0.97461206926581090     
          20          55  0.97240163767450716     
          20          56  0.98226205313524528     
           1          57   1.2381687914862503     
           1          58  0.31722647510898716     
          57          58   1.9052934382954523     
           1          59  0.80793375033773562     
          60          61   1.8234358702282436     
          61          62   1.0719573143629579     
          62          63   1.3638049681752222     
          63          64   1.4624315038889395     
          64          65   1.4244070127189137     
          63          66  0.10493960867963026     
          65          66   1.4286882027806267     
          62          67   1.3668050832430869     
          64          67  0.10346844641673691     
          66          67   1.4574391177588457     
           2          68  0.95003210403298666     
           1          69  0.45268195051475890     
          57          69  0.44224881112611381     
          61          70  0.93159769520413316     
          63          71  0.96672590924722224     
          64          72  0.96963541928658215     
          65          73  0.97025851109033290     
          66          74  0.96932767567702416     
          67          75  0.96561657014525937     
